Time [s];	Voltage [V];	Current [A]
+4.0000000000000001E-02;	-4.0616537469571933E-05;	-3.1085967456119225E-04
+8.0000000000000002E-02;	-4.1807889821668972E-05;	-3.1088960968722639E-04
+1.2000000000000000E-01;	-4.0616537469571933E-05;	-3.1088960968722639E-04
+1.6000000000000000E-01;	-4.1807889821668972E-05;	-3.1082973943515811E-04
+2.0000000000000001E-01;	-3.8233832765377962E-05;	-3.1082973943515811E-04
+2.3999999999999999E-01;	-3.1085718652796158E-05;	-3.1085967456119225E-04
+2.8000000000000003E-01;	-3.2277071004893089E-05;	-3.1082973943515811E-04
+3.2000000000000001E-01;	-3.7042480413281031E-05;	-3.1088960968722639E-04
+3.5999999999999999E-01;	-4.1807889821668972E-05;	-3.1091954481326047E-04
+4.0000000000000002E-01;	-3.7042480413281031E-05;	-3.1094947993929461E-04
+4.4000000000000000E-01;	-3.7042480413281031E-05;	-3.1106922044343111E-04
+4.7999999999999998E-01;	-4.0616537469571933E-05;	-3.1103928531739698E-04
+5.2000000000000002E-01;	-3.5851128061183991E-05;	-3.1109915556946525E-04
+5.6000000000000005E-01;	-3.2277071004893089E-05;	-3.1115902582153348E-04
+5.9999999999999998E-01;	-4.0616537469571933E-05;	-3.1118896094756762E-04
+6.4000000000000001E-01;	-3.5851128061183991E-05;	-3.1118896094756762E-04
+6.8000000000000005E-01;	-4.2999242173765904E-05;	-3.1127876632566998E-04
+7.1999999999999997E-01;	-4.4190594525862943E-05;	-3.1118896094756762E-04
+7.6000000000000001E-01;	-3.9425185117475002E-05;	-3.1121889607360170E-04
+8.0000000000000004E-01;	-3.8233832765377962E-05;	-3.1124883119963584E-04
+8.3999999999999997E-01;	-3.9425185117475002E-05;	-3.1139850682980648E-04
+8.8000000000000000E-01;	-3.8233832765377962E-05;	-3.1136857170377234E-04
+9.2000000000000004E-01;	-4.2999242173765904E-05;	-3.1136857170377234E-04
+9.5999999999999996E-01;	-4.1807889821668972E-05;	-3.1136857170377234E-04
+1.0000000000000000E+00;	-3.4659775709087060E-05;	-3.1133863657773820E-04
+1.0400000000000000E+00;	-3.4659775709087060E-05;	-3.1130870145170412E-04
+1.0800000000000001E+00;	-3.9425185117475002E-05;	-3.1130870145170412E-04
+1.1200000000000001E+00;	-3.3468423356990021E-05;	-3.1136857170377234E-04
+1.1599999999999999E+00;	-3.5851128061183991E-05;	-3.1133863657773820E-04
+1.2000000000000000E+00;	-3.2277071004893089E-05;	-3.1133863657773820E-04
+1.2400000000000000E+00;	-3.7042480413281031E-05;	-3.1130870145170412E-04
+1.2800000000000000E+00;	-4.0616537469571933E-05;	-3.1139850682980648E-04
+1.3200000000000001E+00;	-4.1807889821668972E-05;	-3.1130870145170412E-04
+1.3600000000000001E+00;	-3.4659775709087060E-05;	-3.1136857170377234E-04
+1.4000000000000001E+00;	-4.4190594525862943E-05;	-3.1139850682980648E-04
+1.4399999999999999E+00;	-3.5851128061183991E-05;	-3.1136857170377234E-04
+1.4800000000000000E+00;	-4.1807889821668972E-05;	-3.1145837708187470E-04
+1.5200000000000000E+00;	-3.5851128061183991E-05;	-3.1151824733394298E-04
+1.5600000000000001E+00;	-3.9425185117475002E-05;	-3.1154818245997707E-04
+1.6000000000000001E+00;	-3.8233832765377962E-05;	-3.1154818245997707E-04
+1.6400000000000001E+00;	-3.4659775709087060E-05;	-3.1160805271204534E-04
+1.6799999999999999E+00;	-3.8233832765377962E-05;	-3.1151824733394298E-04
+1.7200000000000000E+00;	-3.9425185117475002E-05;	-3.1157811758601120E-04
+1.7600000000000000E+00;	-4.0616537469571933E-05;	-3.1157811758601120E-04
+1.8000000000000000E+00;	-3.8233832765377962E-05;	-3.1148831220790884E-04
+1.8400000000000001E+00;	-3.9425185117475002E-05;	-3.1151824733394298E-04
+1.8800000000000001E+00;	-4.0616537469571933E-05;	-3.1151824733394298E-04
+1.9199999999999999E+00;	-3.2277071004893089E-05;	-3.1154818245997707E-04
+1.9600000000000000E+00;	-4.1807889821668972E-05;	-3.1142844195584056E-04
+2.0000000000000000E+00;	-3.9425185117475002E-05;	-3.1154818245997707E-04
+2.0400000000000000E+00;	-3.7042480413281031E-05;	-3.1160805271204534E-04
+2.0800000000000001E+00;	-3.9425185117475002E-05;	-3.1163798783807943E-04
+2.1200000000000001E+00;	-3.7042480413281031E-05;	-3.1163798783807943E-04
+2.1600000000000001E+00;	-3.9425185117475002E-05;	-3.1163798783807943E-04
+2.2000000000000002E+00;	-4.0616537469571933E-05;	-3.1166792296411357E-04
+2.2400000000000002E+00;	-3.8233832765377962E-05;	-3.1166792296411357E-04
+2.2800000000000002E+00;	-3.7042480413281031E-05;	-3.1160805271204534E-04
+2.3199999999999998E+00;	-2.9894366300699119E-05;	-3.1154818245997707E-04
+2.3599999999999999E+00;	-4.2999242173765904E-05;	-3.1169785809014771E-04
+2.3999999999999999E+00;	-3.4659775709087060E-05;	-3.1157811758601120E-04
+2.4399999999999999E+00;	-3.7042480413281031E-05;	-3.1166792296411357E-04
+2.4800000000000000E+00;	-3.5851128061183991E-05;	-3.1169785809014771E-04
+2.5200000000000000E+00;	-3.7042480413281031E-05;	-3.1175772834221593E-04
+2.5600000000000001E+00;	-3.8233832765377962E-05;	-3.1178766346825007E-04
+2.6000000000000001E+00;	-3.8233832765377962E-05;	-3.1178766346825007E-04
+2.6400000000000001E+00;	-3.4659775709087060E-05;	-3.1172779321618184E-04
+2.6800000000000002E+00;	-4.0616537469571933E-05;	-3.1172779321618184E-04
+2.7200000000000002E+00;	-4.1807889821668972E-05;	-3.1184753372031829E-04
+2.7600000000000002E+00;	-3.9425185117475002E-05;	-3.1178766346825007E-04
+2.8000000000000003E+00;	-4.4190594525862943E-05;	-3.1169785809014771E-04
+2.8399999999999999E+00;	-3.5851128061183991E-05;	-3.1178766346825007E-04
+2.8799999999999999E+00;	-3.1085718652796158E-05;	-3.1178766346825007E-04
+2.9199999999999999E+00;	-3.5851128061183991E-05;	-3.1181759859428421E-04
+2.9600000000000000E+00;	-3.3468423356990021E-05;	-3.1172779321618184E-04
+3.0000000000000000E+00;	-3.2277071004893089E-05;	-3.1172779321618184E-04
+3.0400000000000000E+00;	-3.1085718652796158E-05;	-3.1175772834221593E-04
+3.0800000000000001E+00;	-3.1085718652796158E-05;	-3.1184753372031829E-04
+3.1200000000000001E+00;	-3.4659775709087060E-05;	-3.1178766346825007E-04
+3.1600000000000001E+00;	-4.1807889821668972E-05;	-3.1184753372031829E-04
+3.2000000000000002E+00;	-3.9425185117475002E-05;	-3.1193733909842071E-04
+3.2400000000000002E+00;	-4.0616537469571933E-05;	-3.1184753372031829E-04
+3.2800000000000002E+00;	-2.9894366300699119E-05;	-3.1190740397238657E-04
+3.3200000000000003E+00;	-3.5851128061183991E-05;	-3.1184753372031829E-04
+3.3599999999999999E+00;	-3.4659775709087060E-05;	-3.1175772834221593E-04
+3.3999999999999999E+00;	-3.3468423356990021E-05;	-3.1175772834221593E-04
+3.4399999999999999E+00;	-4.0616537469571933E-05;	-3.1175772834221593E-04
+3.4800000000000000E+00;	-3.7042480413281031E-05;	-3.1175772834221593E-04
+3.5200000000000000E+00;	-4.0616537469571933E-05;	-3.1184753372031829E-04
+3.5600000000000001E+00;	-3.4659775709087060E-05;	-3.1178766346825007E-04
+3.6000000000000001E+00;	-3.9425185117475002E-05;	-3.1169785809014771E-04
+3.6400000000000001E+00;	-3.8233832765377962E-05;	-3.1172779321618184E-04
+3.6800000000000002E+00;	-4.0616537469571933E-05;	-3.1172779321618184E-04
+3.7200000000000002E+00;	-3.7042480413281031E-05;	-3.1172779321618184E-04
+3.7600000000000002E+00;	-4.1807889821668972E-05;	-3.1172779321618184E-04
+3.8000000000000003E+00;	-3.8233832765377962E-05;	-3.1175772834221593E-04
+3.8399999999999999E+00;	-4.0616537469571933E-05;	-3.1169785809014771E-04
+3.8799999999999999E+00;	-3.8233832765377962E-05;	-3.1172779321618184E-04
+3.9199999999999999E+00;	-3.4659775709087060E-05;	-3.1163798783807943E-04
+3.9600000000000000E+00;	-3.1085718652796158E-05;	-3.1154818245997707E-04
+4.0000000000000000E+00;	-3.3468423356990021E-05;	-3.1148831220790884E-04
+4.0400000000000000E+00;	-2.7511661596505148E-05;	-3.1142844195584056E-04
+4.0800000000000001E+00;	-3.2277071004893089E-05;	-3.1142844195584056E-04
+4.1200000000000001E+00;	-3.8233832765377962E-05;	-3.1145837708187470E-04
+4.1600000000000001E+00;	-3.3468423356990021E-05;	-3.1139850682980648E-04
+4.2000000000000002E+00;	-3.2277071004893089E-05;	-3.1142844195584056E-04
+4.2400000000000002E+00;	-2.7511661596505148E-05;	-3.1139850682980648E-04
+4.2800000000000002E+00;	-2.8703013948602188E-05;	-3.1151824733394298E-04
+4.3200000000000003E+00;	-2.6320309244408217E-05;	-3.1157811758601120E-04
+4.3600000000000003E+00;	-3.3468423356990021E-05;	-3.1160805271204534E-04
+4.4000000000000004E+00;	-3.9425185117475002E-05;	-3.1166792296411357E-04
+4.4400000000000004E+00;	-2.9894366300699119E-05;	-3.1160805271204534E-04
+4.4800000000000004E+00;	-2.8703013948602188E-05;	-3.1169785809014771E-04
+4.5200000000000005E+00;	-3.2277071004893089E-05;	-3.1175772834221593E-04
+4.5600000000000005E+00;	-2.8703013948602188E-05;	-3.1166792296411357E-04
+4.6000000000000005E+00;	-3.7042480413281031E-05;	-3.1169785809014771E-04
+4.6399999999999997E+00;	-3.1085718652796158E-05;	-3.1172779321618184E-04
+4.6799999999999997E+00;	-2.7511661596505148E-05;	-3.1166792296411357E-04
+4.7199999999999998E+00;	-3.1085718652796158E-05;	-3.1196727422445479E-04
+4.7599999999999998E+00;	-3.5851128061183991E-05;	-3.1190740397238657E-04
+4.7999999999999998E+00;	-3.7042480413281031E-05;	-3.1199720935048893E-04
+4.8399999999999999E+00;	-3.3468423356990021E-05;	-3.1199720935048893E-04
+4.8799999999999999E+00;	-3.5851128061183991E-05;	-3.1199720935048893E-04
+4.9199999999999999E+00;	-3.1085718652796158E-05;	-3.1202714447652307E-04
+4.9600000000000000E+00;	-3.2277071004893089E-05;	-3.1202714447652307E-04
+5.0000000000000000E+00;	-3.7042480413281031E-05;	-3.1202714447652307E-04
+5.0400000000000000E+00;	-3.3468423356990021E-05;	-3.1199720935048893E-04
+5.0800000000000001E+00;	-4.2999242173765904E-05;	-3.1193733909842071E-04
+5.1200000000000001E+00;	-3.5851128061183991E-05;	-3.1190740397238657E-04
+5.1600000000000001E+00;	-3.3468423356990021E-05;	-3.1196727422445479E-04
+5.2000000000000002E+00;	-3.7042480413281031E-05;	-3.1190740397238657E-04
+5.2400000000000002E+00;	-3.5851128061183991E-05;	-3.1196727422445479E-04
+5.2800000000000002E+00;	-3.8233832765377962E-05;	-3.1193733909842071E-04
+5.3200000000000003E+00;	-3.9425185117475002E-05;	-3.1193733909842071E-04
+5.3600000000000003E+00;	-3.3468423356990021E-05;	-3.1184753372031829E-04
+5.4000000000000004E+00;	-4.2999242173765904E-05;	-3.1187746884635243E-04
+5.4400000000000004E+00;	-3.5851128061183991E-05;	-3.1190740397238657E-04
+5.4800000000000004E+00;	-3.8233832765377962E-05;	-3.1181759859428421E-04
+5.5200000000000005E+00;	-3.9425185117475002E-05;	-3.1178766346825007E-04
+5.5600000000000005E+00;	-3.8233832765377962E-05;	-3.1175772834221593E-04
+5.6000000000000005E+00;	-3.3468423356990021E-05;	-3.1175772834221593E-04
+5.6399999999999997E+00;	-3.4659775709087060E-05;	-3.1175772834221593E-04
+5.6799999999999997E+00;	-3.3468423356990021E-05;	-3.1181759859428421E-04
+5.7199999999999998E+00;	-2.8703013948602188E-05;	-3.1193733909842071E-04
+5.7599999999999998E+00;	-4.0616537469571933E-05;	-3.1190740397238657E-04
+5.7999999999999998E+00;	-3.9425185117475002E-05;	-3.1181759859428421E-04
+5.8399999999999999E+00;	-3.3468423356990021E-05;	-3.1184753372031829E-04
+5.8799999999999999E+00;	-4.0616537469571933E-05;	-3.1184753372031829E-04
+5.9199999999999999E+00;	-3.5851128061183991E-05;	-3.1190740397238657E-04
+5.9600000000000000E+00;	-2.9894366300699119E-05;	-3.1193733909842071E-04
+6.0000000000000000E+00;	-3.5851128061183991E-05;	-3.1199720935048893E-04
+6.0400000000000000E+00;	-3.5851128061183991E-05;	-3.1190740397238657E-04
+6.0800000000000001E+00;	-3.1085718652796158E-05;	-3.1187746884635243E-04
+6.1200000000000001E+00;	-3.5851128061183991E-05;	-3.1184753372031829E-04
+6.1600000000000001E+00;	-4.1807889821668972E-05;	-3.1187746884635243E-04
+6.2000000000000002E+00;	-4.1807889821668972E-05;	-3.1190740397238657E-04
+6.2400000000000002E+00;	-4.1807889821668972E-05;	-3.1199720935048893E-04
+6.2800000000000002E+00;	-3.9425185117475002E-05;	-3.1199720935048893E-04
+6.3200000000000003E+00;	-4.0616537469571933E-05;	-3.1190740397238657E-04
+6.3600000000000003E+00;	-3.1085718652796158E-05;	-3.1184753372031829E-04
+6.4000000000000004E+00;	-2.7511661596505148E-05;	-3.1181759859428421E-04
+6.4400000000000004E+00;	-3.9425185117475002E-05;	-3.1181759859428421E-04
+6.4800000000000004E+00;	-3.9425185117475002E-05;	-3.1184753372031829E-04
+6.5200000000000005E+00;	-4.2999242173765904E-05;	-3.1178766346825007E-04
+6.5600000000000005E+00;	-3.4659775709087060E-05;	-3.1172779321618184E-04
+6.6000000000000005E+00;	-3.8233832765377962E-05;	-3.1163798783807943E-04
+6.6400000000000006E+00;	-3.8233832765377962E-05;	-3.1169785809014771E-04
+6.6799999999999997E+00;	-3.4659775709087060E-05;	-3.1169785809014771E-04
+6.7199999999999998E+00;	-4.2999242173765904E-05;	-3.1172779321618184E-04
+6.7599999999999998E+00;	-3.9425185117475002E-05;	-3.1169785809014771E-04
+6.7999999999999998E+00;	-3.4659775709087060E-05;	-3.1175772834221593E-04
+6.8399999999999999E+00;	-3.8233832765377962E-05;	-3.1175772834221593E-04
+6.8799999999999999E+00;	-3.7042480413281031E-05;	-3.1190740397238657E-04
+6.9199999999999999E+00;	-4.0616537469571933E-05;	-3.1184753372031829E-04
+6.9600000000000000E+00;	-3.9425185117475002E-05;	-3.1181759859428421E-04
+7.0000000000000000E+00;	-3.9425185117475002E-05;	-3.1178766346825007E-04
+7.0400000000000000E+00;	-4.0616537469571933E-05;	-3.1175772834221593E-04
+7.0800000000000001E+00;	-4.2999242173765904E-05;	-3.1181759859428421E-04
+7.1200000000000001E+00;	-3.9425185117475002E-05;	-3.1175772834221593E-04
+7.1600000000000001E+00;	-3.3468423356990021E-05;	-3.1181759859428421E-04
+7.2000000000000002E+00;	-3.7042480413281031E-05;	-3.1181759859428421E-04
+7.2400000000000002E+00;	-3.8233832765377962E-05;	-3.1184753372031829E-04
+7.2800000000000002E+00;	-4.2999242173765904E-05;	-3.1175772834221593E-04
+7.3200000000000003E+00;	-3.9425185117475002E-05;	-3.1163798783807943E-04
+7.3600000000000003E+00;	-3.4659775709087060E-05;	-3.1166792296411357E-04
+7.4000000000000004E+00;	-2.7511661596505148E-05;	-3.1160805271204534E-04
+7.4400000000000004E+00;	-3.2277071004893089E-05;	-3.1169785809014771E-04
+7.4800000000000004E+00;	-4.0616537469571933E-05;	-3.1169785809014771E-04
+7.5200000000000005E+00;	-4.2999242173765904E-05;	-3.1169785809014771E-04
+7.5600000000000005E+00;	-3.3468423356990021E-05;	-3.1169785809014771E-04
+7.6000000000000005E+00;	-4.1807889821668972E-05;	-3.1160805271204534E-04
+7.6400000000000006E+00;	-3.9425185117475002E-05;	-3.1154818245997707E-04
+7.6799999999999997E+00;	-3.1085718652796158E-05;	-3.1163798783807943E-04
+7.7199999999999998E+00;	-3.3468423356990021E-05;	-3.1166792296411357E-04
+7.7599999999999998E+00;	-4.4190594525862943E-05;	-3.1157811758601120E-04
+7.7999999999999998E+00;	-3.3468423356990021E-05;	-3.1151824733394298E-04
+7.8399999999999999E+00;	-3.4659775709087060E-05;	-3.1157811758601120E-04
+7.8799999999999999E+00;	-3.7042480413281031E-05;	-3.1154818245997707E-04
+7.9199999999999999E+00;	-3.3468423356990021E-05;	-3.1157811758601120E-04
+7.9600000000000000E+00;	-3.7042480413281031E-05;	-3.1160805271204534E-04
+8.0000000000000000E+00;	-3.3468423356990021E-05;	-3.1148831220790884E-04
+8.0400000000000009E+00;	-2.9894366300699119E-05;	-3.1154818245997707E-04
+8.0800000000000001E+00;	-3.4659775709087060E-05;	-3.1151824733394298E-04
+8.1200000000000010E+00;	-3.9425185117475002E-05;	-3.1154818245997707E-04
+8.1600000000000001E+00;	-3.7042480413281031E-05;	-3.1154818245997707E-04
+8.1999999999999993E+00;	-3.8233832765377962E-05;	-3.1148831220790884E-04
+8.2400000000000002E+00;	-4.1807889821668972E-05;	-3.1157811758601120E-04
+8.2799999999999994E+00;	-3.8233832765377962E-05;	-3.1160805271204534E-04
+8.3200000000000003E+00;	-3.5851128061183991E-05;	-3.1151824733394298E-04
+8.3599999999999994E+00;	-3.4659775709087060E-05;	-3.1157811758601120E-04
+8.4000000000000004E+00;	-3.9425185117475002E-05;	-3.1169785809014771E-04
+8.4399999999999995E+00;	-3.8233832765377962E-05;	-3.1148831220790884E-04
+8.4800000000000004E+00;	-3.8233832765377962E-05;	-3.1145837708187470E-04
+8.5199999999999996E+00;	-3.5851128061183991E-05;	-3.1154818245997707E-04
+8.5600000000000005E+00;	-3.5851128061183991E-05;	-3.1157811758601120E-04
+8.5999999999999996E+00;	-4.4190594525862943E-05;	-3.1163798783807943E-04
+8.6400000000000006E+00;	-4.4190594525862943E-05;	-3.1172779321618184E-04
+8.6799999999999997E+00;	-3.8233832765377962E-05;	-3.1157811758601120E-04
+8.7200000000000006E+00;	-4.2999242173765904E-05;	-3.1148831220790884E-04
+8.7599999999999998E+00;	-4.5381946877959874E-05;	-3.1157811758601120E-04
+8.8000000000000007E+00;	-4.4190594525862943E-05;	-3.1154818245997707E-04
+8.8399999999999999E+00;	-4.4190594525862943E-05;	-3.1154818245997707E-04
+8.8800000000000008E+00;	-4.2999242173765904E-05;	-3.1160805271204534E-04
+8.9199999999999999E+00;	-2.9894366300699119E-05;	-3.1148831220790884E-04
+8.9600000000000009E+00;	-3.4659775709087060E-05;	-3.1151824733394298E-04
+9.0000000000000000E+00;	-3.2277071004893089E-05;	-3.1145837708187470E-04
+9.0400000000000009E+00;	-4.0616537469571933E-05;	-3.1163798783807943E-04
+9.0800000000000001E+00;	-3.5851128061183991E-05;	-3.1172779321618184E-04
+9.1200000000000010E+00;	-3.4659775709087060E-05;	-3.1166792296411357E-04
+9.1600000000000001E+00;	-3.2277071004893089E-05;	-3.1175772834221593E-04
+9.2000000000000011E+00;	-3.3468423356990021E-05;	-3.1178766346825007E-04
+9.2400000000000002E+00;	-3.5851128061183991E-05;	-3.1175772834221593E-04
+9.2799999999999994E+00;	-3.8233832765377962E-05;	-3.1178766346825007E-04
+9.3200000000000003E+00;	-3.4659775709087060E-05;	-3.1175772834221593E-04
+9.3599999999999994E+00;	-3.5851128061183991E-05;	-3.1169785809014771E-04
+9.4000000000000004E+00;	-3.8233832765377962E-05;	-3.1166792296411357E-04
+9.4399999999999995E+00;	-3.8233832765377962E-05;	-3.1160805271204534E-04
+9.4800000000000004E+00;	-3.2277071004893089E-05;	-3.1163798783807943E-04
+9.5199999999999996E+00;	-3.3468423356990021E-05;	-3.1160805271204534E-04
+9.5600000000000005E+00;	-3.4659775709087060E-05;	-3.1160805271204534E-04
+9.5999999999999996E+00;	-3.2277071004893089E-05;	-3.1154818245997707E-04
+9.6400000000000006E+00;	-3.2277071004893089E-05;	-3.1154818245997707E-04
+9.6799999999999997E+00;	-3.9425185117475002E-05;	-3.1154818245997707E-04
+9.7200000000000006E+00;	-3.7042480413281031E-05;	-3.1148831220790884E-04
+9.7599999999999998E+00;	-4.0616537469571933E-05;	-3.1145837708187470E-04
+9.8000000000000007E+00;	-3.2277071004893089E-05;	-3.1148831220790884E-04
+9.8399999999999999E+00;	-3.8233832765377962E-05;	-3.1151824733394298E-04
+9.8800000000000008E+00;	-3.3468423356990021E-05;	-3.1154818245997707E-04
+9.9199999999999999E+00;	-3.3468423356990021E-05;	-3.1157811758601120E-04
+9.9600000000000009E+00;	-3.2277071004893089E-05;	-3.1148831220790884E-04
+1.0000000000000000E+01;	-3.7042480413281031E-05;	-3.1151824733394298E-04
+1.0040000000000001E+01;	-3.7042480413281031E-05;	-3.1148831220790884E-04
+1.0080000000000000E+01;	-3.3468423356990021E-05;	-3.1151824733394298E-04
+1.0120000000000001E+01;	-3.4659775709087060E-05;	-3.1145837708187470E-04
+1.0160000000000000E+01;	-3.5851128061183991E-05;	-3.1139850682980648E-04
+1.0200000000000001E+01;	-3.4659775709087060E-05;	-3.1145837708187470E-04
+1.0240000000000000E+01;	-4.1807889821668972E-05;	-3.1148831220790884E-04
+1.0279999999999999E+01;	-3.7042480413281031E-05;	-3.1142844195584056E-04
+1.0320000000000000E+01;	-3.4659775709087060E-05;	-3.1148831220790884E-04
+1.0359999999999999E+01;	-4.1807889821668972E-05;	-3.1139850682980648E-04
+1.0400000000000000E+01;	-3.7042480413281031E-05;	-3.1133863657773820E-04
+1.0440000000000000E+01;	-3.5851128061183991E-05;	-3.1136857170377234E-04
+1.0480000000000000E+01;	-3.5851128061183991E-05;	-3.1136857170377234E-04
+1.0520000000000000E+01;	-3.2277071004893089E-05;	-3.1136857170377234E-04
+1.0560000000000000E+01;	-3.2277071004893089E-05;	-3.1127876632566998E-04
+1.0600000000000000E+01;	-4.0616537469571933E-05;	-3.1130870145170412E-04
+1.0640000000000001E+01;	-4.5381946877959874E-05;	-3.1133863657773820E-04
+1.0680000000000000E+01;	-3.4659775709087060E-05;	-3.1133863657773820E-04
+1.0720000000000001E+01;	-4.2999242173765904E-05;	-3.1136857170377234E-04
+1.0760000000000000E+01;	-3.9425185117475002E-05;	-3.1118896094756762E-04
+1.0800000000000001E+01;	-3.8233832765377962E-05;	-3.1121889607360170E-04
+1.0840000000000000E+01;	-3.4659775709087060E-05;	-3.1115902582153348E-04
+1.0880000000000001E+01;	-3.2277071004893089E-05;	-3.1121889607360170E-04
+1.0920000000000000E+01;	-3.8233832765377962E-05;	-3.1127876632566998E-04
+1.0960000000000001E+01;	-3.9425185117475002E-05;	-3.1130870145170412E-04
+1.1000000000000000E+01;	-3.7042480413281031E-05;	-3.1133863657773820E-04
+1.1040000000000001E+01;	-3.3468423356990021E-05;	-3.1136857170377234E-04
+1.1080000000000000E+01;	-3.3468423356990021E-05;	-3.1130870145170412E-04
+1.1120000000000001E+01;	-3.9425185117475002E-05;	-3.1124883119963584E-04
+1.1160000000000000E+01;	-3.8233832765377962E-05;	-3.1130870145170412E-04
+1.1200000000000001E+01;	-3.8233832765377962E-05;	-3.1127876632566998E-04
+1.1240000000000000E+01;	-3.4659775709087060E-05;	-3.1127876632566998E-04
+1.1279999999999999E+01;	-3.2277071004893089E-05;	-3.1133863657773820E-04
+1.1320000000000000E+01;	-3.5851128061183991E-05;	-3.1121889607360170E-04
+1.1359999999999999E+01;	-4.0616537469571933E-05;	-3.1115902582153348E-04
+1.1400000000000000E+01;	-3.8233832765377962E-05;	-3.1115902582153348E-04
+1.1440000000000000E+01;	-4.4190594525862943E-05;	-3.1112909069549934E-04
+1.1480000000000000E+01;	-4.1807889821668972E-05;	-3.1109915556946525E-04
+1.1520000000000000E+01;	-4.0616537469571933E-05;	-3.1109915556946525E-04
+1.1560000000000000E+01;	-4.0616537469571933E-05;	-3.1118896094756762E-04
+1.1600000000000000E+01;	-4.1807889821668972E-05;	-3.1115902582153348E-04
+1.1640000000000001E+01;	-4.2999242173765904E-05;	-3.1127876632566998E-04
+1.1680000000000000E+01;	-4.6573299230056914E-05;	-3.1124883119963584E-04
+1.1720000000000001E+01;	-4.0616537469571933E-05;	-3.1130870145170412E-04
+1.1760000000000000E+01;	-3.7042480413281031E-05;	-3.1133863657773820E-04
+1.1800000000000001E+01;	-3.8233832765377962E-05;	-3.1136857170377234E-04
+1.1840000000000000E+01;	-4.7764651582153845E-05;	-3.1133863657773820E-04
+1.1880000000000001E+01;	-4.1807889821668972E-05;	-3.1142844195584056E-04
+1.1920000000000000E+01;	-3.9425185117475002E-05;	-3.1139850682980648E-04
+1.1960000000000001E+01;	-3.4659775709087060E-05;	-3.1133863657773820E-04
+1.2000000000000000E+01;	-4.1807889821668972E-05;	-3.1133863657773820E-04
+1.2040000000000001E+01;	-3.7042480413281031E-05;	-3.1133863657773820E-04
+1.2080000000000000E+01;	-3.7042480413281031E-05;	-3.1133863657773820E-04
+1.2120000000000001E+01;	-4.4190594525862943E-05;	-3.1133863657773820E-04
+1.2160000000000000E+01;	-3.4659775709087060E-05;	-3.1142844195584056E-04
+1.2200000000000001E+01;	-3.7042480413281031E-05;	-3.1142844195584056E-04
+1.2240000000000000E+01;	-3.4659775709087060E-05;	-3.1139850682980648E-04
+1.2280000000000001E+01;	-3.7042480413281031E-05;	-3.1145837708187470E-04
+1.2320000000000000E+01;	-3.3468423356990021E-05;	-3.1145837708187470E-04
+1.2359999999999999E+01;	-3.9425185117475002E-05;	-3.1145837708187470E-04
+1.2400000000000000E+01;	-4.1807889821668972E-05;	-3.1148831220790884E-04
+1.2440000000000000E+01;	-4.4190594525862943E-05;	-3.1139850682980648E-04
+1.2480000000000000E+01;	-3.7042480413281031E-05;	-3.1136857170377234E-04
+1.2520000000000000E+01;	-2.7511661596505148E-05;	-3.1139850682980648E-04
+1.2560000000000000E+01;	-2.9894366300699119E-05;	-3.1130870145170412E-04
+1.2600000000000000E+01;	-3.3468423356990021E-05;	-3.1145837708187470E-04
+1.2640000000000001E+01;	-3.3468423356990021E-05;	-3.1145837708187470E-04
+1.2680000000000000E+01;	-3.4659775709087060E-05;	-3.1139850682980648E-04
+1.2720000000000001E+01;	-3.8233832765377962E-05;	-3.1139850682980648E-04
+1.2760000000000000E+01;	-4.0616537469571933E-05;	-3.1139850682980648E-04
+1.2800000000000001E+01;	-3.7042480413281031E-05;	-3.1139850682980648E-04
+1.2840000000000000E+01;	-3.9425185117475002E-05;	-3.1145837708187470E-04
+1.2880000000000001E+01;	-2.5128956892311177E-05;	-3.1145837708187470E-04
+1.2920000000000000E+01;	-3.5851128061183991E-05;	-3.1142844195584056E-04
+1.2960000000000001E+01;	-3.7042480413281031E-05;	-3.1151824733394298E-04
+1.3000000000000000E+01;	-3.7042480413281031E-05;	-3.1136857170377234E-04
+1.3040000000000001E+01;	-4.6573299230056914E-05;	-3.1148831220790884E-04
+1.3080000000000000E+01;	-4.6573299230056914E-05;	-3.1136857170377234E-04
+1.3120000000000001E+01;	-4.2999242173765904E-05;	-3.1127876632566998E-04
+1.3160000000000000E+01;	-3.4659775709087060E-05;	-3.1124883119963584E-04
+1.3200000000000001E+01;	-4.0616537469571933E-05;	-3.1124883119963584E-04
+1.3240000000000000E+01;	-3.4659775709087060E-05;	-3.1118896094756762E-04
+1.3280000000000001E+01;	-3.8233832765377962E-05;	-3.1121889607360170E-04
+1.3320000000000000E+01;	-3.3468423356990021E-05;	-3.1118896094756762E-04
+1.3359999999999999E+01;	-3.8233832765377962E-05;	-3.1112909069549934E-04
+1.3400000000000000E+01;	-4.0616537469571933E-05;	-3.1112909069549934E-04
+1.3440000000000000E+01;	-4.2999242173765904E-05;	-3.1106922044343111E-04
+1.3480000000000000E+01;	-4.5381946877959874E-05;	-3.1106922044343111E-04
+1.3520000000000000E+01;	-3.7042480413281031E-05;	-3.1103928531739698E-04
+1.3560000000000000E+01;	-3.2277071004893089E-05;	-3.1100935019136284E-04
+1.3600000000000000E+01;	-3.4659775709087060E-05;	-3.1103928531739698E-04
+1.3640000000000001E+01;	-3.8233832765377962E-05;	-3.1103928531739698E-04
+1.3680000000000000E+01;	-2.7511661596505148E-05;	-3.1100935019136284E-04
+1.3720000000000001E+01;	-3.5851128061183991E-05;	-3.1109915556946525E-04
+1.3760000000000000E+01;	-4.2999242173765904E-05;	-3.1109915556946525E-04
+1.3800000000000001E+01;	-3.8233832765377962E-05;	-3.1100935019136284E-04
+1.3840000000000000E+01;	-3.8233832765377962E-05;	-3.1094947993929461E-04
+1.3880000000000001E+01;	-3.5851128061183991E-05;	-3.1097941506532875E-04
+1.3920000000000000E+01;	-4.0616537469571933E-05;	-3.1097941506532875E-04
+1.3960000000000001E+01;	-3.7042480413281031E-05;	-3.1100935019136284E-04
+1.4000000000000000E+01;	-3.5851128061183991E-05;	-3.1112909069549934E-04
+1.4040000000000001E+01;	-3.8233832765377962E-05;	-3.1109915556946525E-04
+1.4080000000000000E+01;	-4.5381946877959874E-05;	-3.1112909069549934E-04
+1.4120000000000001E+01;	-3.9425185117475002E-05;	-3.1118896094756762E-04
+1.4160000000000000E+01;	-4.7764651582153845E-05;	-3.1109915556946525E-04
+1.4200000000000001E+01;	-4.6573299230056914E-05;	-3.1115902582153348E-04
+1.4240000000000000E+01;	-4.4190594525862943E-05;	-3.1118896094756762E-04
+1.4280000000000001E+01;	-4.4190594525862943E-05;	-3.1115902582153348E-04
+1.4320000000000000E+01;	-4.0616537469571933E-05;	-3.1112909069549934E-04
+1.4359999999999999E+01;	-3.9425185117475002E-05;	-3.1121889607360170E-04
+1.4400000000000000E+01;	-4.2999242173765904E-05;	-3.1115902582153348E-04
+1.4440000000000000E+01;	-3.7042480413281031E-05;	-3.1109915556946525E-04
+1.4480000000000000E+01;	-4.5381946877959874E-05;	-3.1112909069549934E-04
+1.4520000000000000E+01;	-3.9425185117475002E-05;	-3.1109915556946525E-04
+1.4560000000000000E+01;	-4.0616537469571933E-05;	-3.1103928531739698E-04
+1.4600000000000000E+01;	-4.0616537469571933E-05;	-3.1112909069549934E-04
+1.4640000000000001E+01;	-4.4190594525862943E-05;	-3.1106922044343111E-04
+1.4680000000000000E+01;	-3.7042480413281031E-05;	-3.1112909069549934E-04
+1.4720000000000001E+01;	-3.4659775709087060E-05;	-3.1112909069549934E-04
+1.4760000000000000E+01;	-4.0616537469571933E-05;	-3.1109915556946525E-04
+1.4800000000000001E+01;	-4.1807889821668972E-05;	-3.1118896094756762E-04
+1.4840000000000000E+01;	-4.2999242173765904E-05;	-3.1115902582153348E-04
+1.4880000000000001E+01;	-3.8233832765377962E-05;	-3.1121889607360170E-04
+1.4920000000000000E+01;	-4.0616537469571933E-05;	-3.1127876632566998E-04
+1.4960000000000001E+01;	-4.5381946877959874E-05;	-3.1118896094756762E-04
+1.5000000000000000E+01;	-4.0616537469571933E-05;	-3.1121889607360170E-04
+1.5039999999999999E+01;	+2.9999692656573052E+00;	+5.0234899793415002E-03
+1.5080000000000000E+01;	+2.9999764137714178E+00;	+4.8929129595806538E-03
+1.5119999999999999E+01;	+2.9999728397143612E+00;	+4.7653893226752885E-03
+1.5160000000000000E+01;	+2.9999728397143612E+00;	+4.6410986793816080E-03
+1.5199999999999999E+01;	+2.9999692656573052E+00;	+4.5198314838173735E-03
+1.5240000000000000E+01;	+2.9999680743049528E+00;	+4.4017374116127571E-03
+1.5279999999999999E+01;	+2.9999752224190654E+00;	+4.2866967222636209E-03
+1.5320000000000000E+01;	+2.9999585434861364E+00;	+4.1745298050137603E-03
+1.5359999999999999E+01;	+2.9999513953720238E+00;	+4.0652366598631752E-03
+1.5400000000000000E+01;	+2.9999752224190654E+00;	+3.9587274814337639E-03
+1.5440000000000000E+01;	+2.9999668829526009E+00;	+3.8549423994734583E-03
+1.5480000000000000E+01;	+2.9999680743049528E+00;	+3.7537018032260529E-03
+1.5520000000000000E+01;	+2.9999525867243757E+00;	+3.6549757575655138E-03
+1.5560000000000000E+01;	+2.9999633088955449E+00;	+3.5588540678699434E-03
+1.5600000000000000E+01;	+2.9999656916002486E+00;	+3.4651271882571028E-03
+1.5640000000000001E+01;	+2.9999668829526009E+00;	+3.3737053133488901E-03
+1.5680000000000000E+01;	+2.9999585434861364E+00;	+3.2846483133973730E-03
+1.5720000000000001E+01;	+2.9999561607814322E+00;	+3.1975670317641080E-03
+1.5760000000000000E+01;	+2.9999597348384883E+00;	+3.1128206899615042E-03
+1.5800000000000001E+01;	+2.9999633088955449E+00;	+3.0301398718552554E-03
+1.5840000000000000E+01;	+2.9999668829526009E+00;	+2.9496443179494974E-03
+1.5880000000000001E+01;	+2.9999728397143612E+00;	+2.8710945472359578E-03
+1.5920000000000000E+01;	+2.9999645002478967E+00;	+2.7945204948406697E-03
+1.5960000000000001E+01;	+2.9999621175431925E+00;	+2.7197724851334639E-03
+1.6000000000000000E+01;	+2.9999740310667136E+00;	+2.6468804532403731E-03
+1.6039999999999999E+01;	+2.9999728397143612E+00;	+2.5756348532791594E-03
+1.6079999999999998E+01;	+2.9999692656573052E+00;	+2.5062751662580955E-03
+1.6120000000000001E+01;	+2.9999680743049528E+00;	+2.4386517165470105E-03
+1.6160000000000000E+01;	+2.9999609261908406E+00;	+2.3727046338938365E-03
+1.6199999999999999E+01;	+2.9999490126673196E+00;	+2.3083141777944373E-03
+1.6239999999999998E+01;	+2.9999621175431925E+00;	+2.2455402185008804E-03
+1.6280000000000001E+01;	+2.9999633088955449E+00;	+2.1842330803829957E-03
+1.6320000000000000E+01;	+2.9999573521337841E+00;	+2.1245125039449195E-03
+1.6359999999999999E+01;	+2.9999621175431925E+00;	+2.0661988784304469E-03
+1.6399999999999999E+01;	+2.9999752224190654E+00;	+2.0092922038395782E-03
+1.6440000000000001E+01;	+2.9999692656573052E+00;	+1.9536727396681770E-03
+1.6480000000000000E+01;	+2.9999752224190654E+00;	+1.8995200966724476E-03
+1.6520000000000000E+01;	+2.9999847532378823E+00;	+1.8465648587180834E-03
+1.6559999999999999E+01;	+2.9999728397143612E+00;	+1.7950165716873227E-03
+1.6600000000000001E+01;	+2.9999740310667136E+00;	+1.7448453004541319E-03
+1.6640000000000001E+01;	+2.9999871359425865E+00;	+1.6956918235061012E-03
+1.6680000000000000E+01;	+2.9999978581137556E+00;	+1.6477357515994355E-03
+1.6719999999999999E+01;	+2.9999633088955449E+00;	+1.6010668901122371E-03
+1.6760000000000002E+01;	+2.9999585434861364E+00;	+1.5554457580362329E-03
+1.6800000000000001E+01;	+2.9999537780767280E+00;	+1.5109022904974572E-03
+1.6840000000000000E+01;	+2.9999585434861364E+00;	+1.4674364874959101E-03
+1.6879999999999999E+01;	+2.9999764137714178E+00;	+1.4251680895357277E-03
+1.6920000000000002E+01;	+2.9999549694290799E+00;	+1.3837977453565692E-03
+1.6960000000000001E+01;	+2.9999490126673196E+00;	+1.3433853252105025E-03
+1.7000000000000000E+01;	+2.9999406732008547E+00;	+1.3040206344756302E-03
+1.7039999999999999E+01;	+2.9999561607814322E+00;	+1.2654641921436792E-03
+1.7079999999999998E+01;	+2.9999573521337841E+00;	+1.2280153494749909E-03
+1.7120000000000001E+01;	+2.9999537780767280E+00;	+1.1913747552092238E-03
+1.7160000000000000E+01;	+2.9999585434861364E+00;	+1.1556322147244804E-03
+1.7199999999999999E+01;	+2.9999561607814322E+00;	+1.1206979226426584E-03
+1.7240000000000002E+01;	+2.9999561607814322E+00;	+1.0867215545939282E-03
+1.7280000000000001E+01;	+2.9999645002478967E+00;	+1.0534636295700171E-03
+1.7320000000000000E+01;	+2.9999609261908406E+00;	+1.0210139529490273E-03
+1.7359999999999999E+01;	+2.9999645002478967E+00;	+9.8937252473095885E-04
+1.7399999999999999E+01;	+2.9999442472579112E+00;	+9.5850940978977760E-04
+1.7440000000000001E+01;	+2.9999490126673196E+00;	+9.2836473787341535E-04
+1.7480000000000000E+01;	+2.9999692656573052E+00;	+8.9896844410790615E-04
+1.7520000000000000E+01;	+2.9999645002478967E+00;	+8.7014091773704525E-04
+1.7559999999999999E+01;	+2.9999668829526009E+00;	+8.4203183439100337E-04
+1.7600000000000001E+01;	+2.9999776051237697E+00;	+8.1470106432184866E-04
+1.7640000000000001E+01;	+2.9999692656573052E+00;	+7.8796899677337651E-04
+1.7680000000000000E+01;	+2.9999633088955449E+00;	+7.6192543712368913E-04
+1.7719999999999999E+01;	+2.9999728397143612E+00;	+7.3633090436451350E-04
+1.7760000000000002E+01;	+2.9999728397143612E+00;	+7.1151468488222526E-04
+1.7800000000000001E+01;	+2.9999680743049528E+00;	+6.8723729766855110E-04
+1.7840000000000000E+01;	+2.9999692656573052E+00;	+6.6346880759745707E-04
+1.7879999999999999E+01;	+2.9999764137714178E+00;	+6.4038882542514792E-04
+1.7920000000000002E+01;	+2.9999633088955449E+00;	+6.1784767552145305E-04
+1.7960000000000001E+01;	+2.9999585434861364E+00;	+5.9572561738223579E-04
+1.8000000000000000E+01;	+2.9999454386102631E+00;	+5.7408252125956455E-04
+1.8039999999999999E+01;	+2.9999549694290799E+00;	+5.5321773841378059E-04
+1.8079999999999998E+01;	+2.9999597348384883E+00;	+5.3259243657626952E-04
+1.8120000000000001E+01;	+2.9999525867243757E+00;	+5.1244609675530446E-04
+1.8160000000000000E+01;	+2.9999525867243757E+00;	+4.9295832970709013E-04
+1.8199999999999999E+01;	+2.9999609261908406E+00;	+4.7385971929731933E-04
+1.8240000000000002E+01;	+2.9999573521337841E+00;	+4.5527000603012868E-04
+1.8280000000000001E+01;	+2.9999645002478967E+00;	+4.3703951427534753E-04
+1.8320000000000000E+01;	+2.9999478213149673E+00;	+4.1922811428504405E-04
+1.8359999999999999E+01;	+2.9999573521337841E+00;	+4.0186574118525250E-04
+1.8399999999999999E+01;	+2.9999656916002486E+00;	+3.8492245984993862E-04
+1.8440000000000001E+01;	+2.9999513953720238E+00;	+3.6836833515306838E-04
+1.8480000000000000E+01;	+2.9999740310667136E+00;	+3.5220336709464173E-04
+1.8520000000000000E+01;	+2.9999645002478967E+00;	+3.3645749080069281E-04
+1.8559999999999999E+01;	+2.9999597348384883E+00;	+3.2101096576708511E-04
+1.8600000000000001E+01;	+2.9999609261908406E+00;	+3.0592366224588686E-04
+1.8640000000000001E+01;	+2.9999394818485028E+00;	+2.9125545048916640E-04
+1.8680000000000000E+01;	+2.9999537780767280E+00;	+2.7691652511882130E-04
+1.8719999999999999E+01;	+2.9999549694290799E+00;	+2.6281708075674915E-04
+1.8760000000000002E+01;	+2.9999513953720238E+00;	+2.4910679303312064E-04
+1.8800000000000001E+01;	+2.9999668829526009E+00;	+2.3581559707396981E-04
+1.8840000000000000E+01;	+2.9999633088955449E+00;	+2.2279381724912611E-04
+1.8879999999999999E+01;	+2.9999561607814322E+00;	+2.1007138868462367E-04
+1.8920000000000002E+01;	+2.9999466299626154E+00;	+1.9776805188459893E-04
+1.8960000000000001E+01;	+2.9999597348384883E+00;	+1.8558445558871070E-04
+1.9000000000000000E+01;	+2.9999740310667136E+00;	+1.7373014567919782E-04
+1.9039999999999999E+01;	+2.9999823705331781E+00;	+1.6214525190399206E-04
+1.9079999999999998E+01;	+2.9999645002478967E+00;	+1.5085970938912753E-04
+1.9120000000000001E+01;	+2.9999478213149673E+00;	+1.4002319376477484E-04
+1.9160000000000000E+01;	+2.9999466299626154E+00;	+1.2921661326645628E-04
+1.9199999999999999E+01;	+2.9999394818485028E+00;	+1.1870938402847896E-04
+1.9240000000000002E+01;	+2.9999823705331781E+00;	+1.0838176554670638E-04
+1.9280000000000001E+01;	+2.9999597348384883E+00;	+9.8353498325275032E-05
+1.9320000000000000E+01;	+2.9999609261908406E+00;	+8.8504841860048421E-05
+1.9359999999999999E+01;	+2.9999621175431925E+00;	+7.8895666403094798E-05
+1.9399999999999999E+01;	+2.9999513953720238E+00;	+6.9525971954414166E-05
+1.9440000000000001E+01;	+2.9999883272949388E+00;	+6.0485563892108891E-05
+1.9480000000000000E+01;	+2.9999645002478967E+00;	+5.1564896333940111E-05
+1.9520000000000000E+01;	+2.9999645002478967E+00;	+4.2763969279907825E-05
+1.9560000000000002E+01;	+2.9999418645532070E+00;	+3.4382133990353261E-05
+1.9600000000000001E+01;	+2.9999585434861364E+00;	+2.6209844583037567E-05
+1.9640000000000001E+01;	+2.9999656916002486E+00;	+1.8127360553824242E-05
+1.9680000000000000E+01;	+2.9999716483620094E+00;	+1.0104746776679161E-05
+1.9719999999999999E+01;	+2.9999525867243757E+00;	+2.4413545119435632E-06
+1.9759999999999998E+01;	+2.9999585434861364E+00;	-5.2220377527920341E-06
+1.9800000000000001E+01;	+2.9999537780767280E+00;	-1.2496273379084029E-05
+1.9840000000000000E+01;	+2.9999323337343902E+00;	-1.9800444131410143E-05
+1.9879999999999999E+01;	+2.9999347164390944E+00;	-2.6865133875463274E-05
+1.9920000000000002E+01;	+2.9999656916002486E+00;	-3.3810083115379911E-05
+1.9960000000000001E+01;	+2.9999537780767280E+00;	-4.0455681094955315E-05
+2.0000000000000000E+01;	+2.9999621175431925E+00;	-4.7161149326598956E-05
+2.0039999999999999E+01;	+2.9999656916002486E+00;	-5.3597201423935496E-05
+2.0079999999999998E+01;	+2.9999585434861364E+00;	-5.9913513017135535E-05
+2.0120000000000001E+01;	+2.9999692656573052E+00;	-6.6080148980164960E-05
+2.0160000000000000E+01;	+2.9999597348384883E+00;	-7.2097109313023773E-05
+2.0199999999999999E+01;	+2.9999537780767280E+00;	-7.7994329141746097E-05
+2.0240000000000002E+01;	+2.9999573521337841E+00;	-8.3682003088229545E-05
+2.0280000000000001E+01;	+3.0000050062278683E+00;	-8.9339741908678867E-05
+2.0320000000000000E+01;	+2.9999585434861364E+00;	-9.4728064594821088E-05
+2.0359999999999999E+01;	+2.9999704570096570E+00;	-1.0017625753303155E-04
+2.0399999999999999E+01;	+2.9999561607814322E+00;	-1.0547477484107139E-04
+2.0440000000000001E+01;	+2.9999656916002486E+00;	-1.1056374626687237E-04
+2.0480000000000000E+01;	+2.9999728397143612E+00;	-1.1556291231457099E-04
+2.0520000000000000E+01;	+2.9999656916002486E+00;	-1.2044233785813311E-04
+2.0560000000000002E+01;	+2.9999740310667136E+00;	-1.2529182827566111E-04
+2.0600000000000001E+01;	+2.9999680743049528E+00;	-1.2993177281095023E-04
+2.0640000000000001E+01;	+2.9999645002478967E+00;	-1.3439210659003462E-04
+2.0680000000000000E+01;	+2.9999537780767280E+00;	-1.3888237549515315E-04
+2.0719999999999999E+01;	+2.9999680743049528E+00;	-1.4334270927423754E-04
+2.0759999999999998E+01;	+2.9999597348384883E+00;	-1.4759349717108306E-04
+2.0800000000000001E+01;	+2.9999573521337841E+00;	-1.5166467431172384E-04
+2.0840000000000000E+01;	+2.9999656916002486E+00;	-1.5573585145236464E-04
+2.0879999999999999E+01;	+3.0000085802849243E+00;	-1.5974715834093716E-04
+2.0920000000000002E+01;	+3.0000002408184598E+00;	-1.6357885447330496E-04
+2.0960000000000001E+01;	+2.9999716483620094E+00;	-1.6732074522757040E-04
+2.1000000000000000E+01;	+2.9999573521337841E+00;	-1.7109257110786995E-04
+2.1039999999999999E+01;	+2.9999525867243757E+00;	-1.7465485110593063E-04
+2.1079999999999998E+01;	+2.9999656916002486E+00;	-1.7821713110399134E-04
+2.1120000000000001E+01;	+2.9999621175431925E+00;	-1.8171954084998378E-04
+2.1160000000000000E+01;	+2.9999668829526009E+00;	-1.8516208034390796E-04
+2.1199999999999999E+01;	+2.9999585434861364E+00;	-1.8845494420766156E-04
+2.1240000000000002E+01;	+2.9999633088955449E+00;	-1.9159813244124451E-04
+2.1280000000000001E+01;	+2.9999752224190654E+00;	-1.9471138554879333E-04
+2.1320000000000000E+01;	+2.9999633088955449E+00;	-1.9776476840427392E-04
+2.1359999999999999E+01;	+2.9999668829526009E+00;	-2.0075828100768627E-04
+2.1399999999999999E+01;	+2.9999561607814322E+00;	-2.0372185848506450E-04
+2.1440000000000001E+01;	+2.9999549694290799E+00;	-2.0662556571037445E-04
+2.1480000000000000E+01;	+2.9999490126673196E+00;	-2.0949933780965032E-04
+2.1520000000000000E+01;	+2.9999561607814322E+00;	-2.1219349915272141E-04
+2.1560000000000002E+01;	+2.9999609261908406E+00;	-2.1488766049579253E-04
+2.1600000000000001E+01;	+2.9999859445902346E+00;	-2.1743214620869304E-04
+2.1640000000000001E+01;	+2.9999561607814322E+00;	-2.1997663192159354E-04
+2.1680000000000000E+01;	+2.9999490126673196E+00;	-2.2243131225639163E-04
+2.1719999999999999E+01;	+2.9999573521337841E+00;	-2.2491592771722385E-04
+2.1759999999999998E+01;	+2.9999609261908406E+00;	-2.2737060805202200E-04
+2.1800000000000001E+01;	+2.9999597348384883E+00;	-2.2955587225251300E-04
+2.1840000000000000E+01;	+2.9999728397143612E+00;	-2.3183094183110641E-04
+2.1879999999999999E+01;	+3.0000169197513888E+00;	-2.3407607628366564E-04
+2.1920000000000002E+01;	+2.9999656916002486E+00;	-2.3623140535812255E-04
+2.1960000000000001E+01;	+2.9999680743049528E+00;	-2.3841666955861355E-04
+2.2000000000000000E+01;	+2.9999633088955449E+00;	-2.4042232300289983E-04
+2.2039999999999999E+01;	+2.9999704570096570E+00;	-2.4254771695132260E-04
+2.2079999999999998E+01;	+2.9999597348384883E+00;	-2.4443362989147238E-04
+2.2120000000000001E+01;	+2.9999561607814322E+00;	-2.4631954283162215E-04
+2.2160000000000000E+01;	+2.9999609261908406E+00;	-2.4820545577177193E-04
+2.2199999999999999E+01;	+2.9999704570096570E+00;	-2.5003149845985342E-04
+2.2240000000000002E+01;	+2.9999799878284739E+00;	-2.5176773576983261E-04
+2.2280000000000001E+01;	+2.9999609261908406E+00;	-2.5365364870998238E-04
+2.2320000000000000E+01;	+2.9999692656573052E+00;	-2.5541982114599566E-04
+2.2359999999999999E+01;	+2.9999621175431925E+00;	-2.5715605845597479E-04
+2.2399999999999999E+01;	+2.9999454386102631E+00;	-2.5877255526181748E-04
+2.2440000000000001E+01;	+2.9999490126673196E+00;	-2.6032918181559189E-04
+2.2480000000000000E+01;	+2.9999454386102631E+00;	-2.6200554887350280E-04
+2.2520000000000000E+01;	+2.9999585434861364E+00;	-2.6356217542727721E-04
+2.2560000000000002E+01;	+2.9999633088955449E+00;	-2.6517867223311989E-04
+2.2600000000000001E+01;	+2.9999549694290799E+00;	-2.6667542853482608E-04
+2.2640000000000001E+01;	+2.9999502040196715E+00;	-2.6811231458446399E-04
+2.2680000000000000E+01;	+2.9999597348384883E+00;	-2.6966894113823839E-04
+2.2719999999999999E+01;	+2.9999609261908406E+00;	-2.7107589206184222E-04
+2.2759999999999998E+01;	+2.9999561607814322E+00;	-2.7236310248130954E-04
+2.2800000000000001E+01;	+2.9999680743049528E+00;	-2.7365031290077681E-04
+2.2840000000000000E+01;	+2.9999656916002486E+00;	-2.7490758819420999E-04
+2.2879999999999999E+01;	+2.9999752224190654E+00;	-2.7619479861367731E-04
+2.2920000000000002E+01;	+2.9999585434861364E+00;	-2.7745207390711049E-04
+2.2960000000000001E+01;	+2.9999537780767280E+00;	-2.7870934920054368E-04
+2.3000000000000000E+01;	+2.9999573521337841E+00;	-2.7990675424190863E-04
+2.3039999999999999E+01;	+2.9999537780767280E+00;	-2.8107422415723945E-04
+2.3079999999999998E+01;	+2.9999716483620094E+00;	-2.8221175894653614E-04
+2.3120000000000001E+01;	+2.9999728397143612E+00;	-2.8331935860979868E-04
+2.3160000000000000E+01;	+2.9999597348384883E+00;	-2.8442695827306128E-04
+2.3199999999999999E+01;	+2.9999656916002486E+00;	-2.8553455793632382E-04
+2.3240000000000002E+01;	+2.9999752224190654E+00;	-2.8661222247355228E-04
+2.3280000000000001E+01;	+2.9999645002478967E+00;	-2.8763001675871246E-04
+2.3320000000000000E+01;	+2.9999406732008547E+00;	-2.8867774616990677E-04
+2.3359999999999999E+01;	+2.9999513953720238E+00;	-2.8960573507696459E-04
+2.3399999999999999E+01;	+2.9999633088955449E+00;	-2.9056365911005655E-04
+2.3439999999999998E+01;	+2.9999799878284739E+00;	-2.9134197238694378E-04
+2.3480000000000000E+01;	+2.9999811791808262E+00;	-2.9224002616796746E-04
+2.3520000000000000E+01;	+2.9999704570096570E+00;	-2.9310814482295705E-04
+2.3560000000000002E+01;	+2.9999847532378823E+00;	-2.9400619860398073E-04
+2.3600000000000001E+01;	+2.9999799878284739E+00;	-2.9472464162879974E-04
+2.3640000000000001E+01;	+2.9999776051237697E+00;	-2.9562269540982342E-04
+2.3680000000000000E+01;	+2.9999585434861364E+00;	-2.9649081406481301E-04
+2.3719999999999999E+01;	+2.9999633088955449E+00;	-2.9723919221566610E-04
+2.3759999999999998E+01;	+2.9999585434861364E+00;	-2.9801750549255328E-04
+2.3800000000000001E+01;	+2.9999692656573052E+00;	-2.9894549439961110E-04
+2.3840000000000000E+01;	+2.9999573521337841E+00;	-2.9969387255046419E-04
+2.3880000000000003E+01;	+2.9999502040196715E+00;	-3.0041231557528315E-04
+2.3920000000000002E+01;	+2.9999645002478967E+00;	-3.0101101809596565E-04
+2.3960000000000001E+01;	+2.9999847532378823E+00;	-3.0181926649888697E-04
+2.4000000000000000E+01;	+2.9999525867243757E+00;	-3.0253770952370592E-04
+2.4039999999999999E+01;	+2.9999573521337841E+00;	-3.0325615254852488E-04
+2.4079999999999998E+01;	+2.9999573521337841E+00;	-3.0394466044730975E-04
+2.4120000000000001E+01;	+2.9999645002478967E+00;	-3.0457329809402634E-04
+2.4160000000000000E+01;	+2.9999621175431925E+00;	-3.0535161137091351E-04
+2.4200000000000003E+01;	+2.9999859445902346E+00;	-3.0589044363952774E-04
+2.4240000000000002E+01;	+2.9999609261908406E+00;	-3.0639934078210783E-04
+2.4280000000000001E+01;	+2.9999668829526009E+00;	-3.0702797842882442E-04
+2.4320000000000000E+01;	+2.9999430559055589E+00;	-3.0762668094950693E-04
+2.4359999999999999E+01;	+2.9999525867243757E+00;	-3.0813557809208702E-04
+2.4399999999999999E+01;	+2.9999645002478967E+00;	-3.0876421573880361E-04
+2.4439999999999998E+01;	+2.9999633088955449E+00;	-3.0939285338552020E-04
+2.4480000000000000E+01;	+2.9999502040196715E+00;	-3.0993168565413443E-04
+2.4520000000000000E+01;	+2.9999370991437986E+00;	-3.1056032330085102E-04
+2.4560000000000002E+01;	+2.9999597348384883E+00;	-3.1106922044343111E-04
+2.4600000000000001E+01;	+2.9999502040196715E+00;	-3.1166792296411357E-04
+2.4640000000000001E+01;	+2.9999549694290799E+00;	-3.1205707960255721E-04
+2.4680000000000000E+01;	+2.9999382904961505E+00;	-3.1244623624100080E-04
+2.4719999999999999E+01;	+2.9999442472579112E+00;	-3.1286532800547853E-04
+2.4759999999999998E+01;	+2.9999347164390944E+00;	-3.1325448464392211E-04
+2.4800000000000001E+01;	+2.9999549694290799E+00;	-3.1376338178650220E-04
+2.4840000000000000E+01;	+2.9999537780767280E+00;	-3.1430221405511643E-04
+2.4880000000000003E+01;	+2.9999597348384883E+00;	-3.1484104632373066E-04
+2.4920000000000002E+01;	+2.9999549694290799E+00;	-3.1523020296217425E-04
+2.4960000000000001E+01;	+2.9999597348384883E+00;	-3.1564929472665198E-04
+2.5000000000000000E+01;	+2.9999609261908406E+00;	-3.1609832161716384E-04
+2.5039999999999999E+01;	+2.9999478213149673E+00;	-3.1648747825560743E-04
+2.5079999999999998E+01;	+2.9999430559055589E+00;	-3.1693650514611930E-04
+2.5120000000000001E+01;	+2.9999549694290799E+00;	-3.1741546716266525E-04
+2.5160000000000000E+01;	+2.9999513953720238E+00;	-3.1777468867507475E-04
+2.5200000000000003E+01;	+2.9999382904961505E+00;	-3.1813391018748426E-04
+2.5240000000000002E+01;	+2.9999502040196715E+00;	-3.1831352094368898E-04
+2.5280000000000001E+01;	+2.9999490126673196E+00;	-3.1870267758213257E-04
+2.5320000000000000E+01;	+2.9999335250867420E+00;	-3.1909183422057616E-04
+2.5359999999999999E+01;	+2.9999525867243757E+00;	-3.1939118548091744E-04
+2.5399999999999999E+01;	+2.9999311423820378E+00;	-3.1978034211936103E-04
+2.5439999999999998E+01;	+2.9999466299626154E+00;	-3.2010962850573640E-04
+2.5480000000000000E+01;	+2.9999585434861364E+00;	-3.2043891489211176E-04
+2.5520000000000000E+01;	+2.9999466299626154E+00;	-3.2082807153055535E-04
+2.5560000000000002E+01;	+2.9999549694290799E+00;	-3.2106755253882835E-04
+2.5600000000000001E+01;	+2.9999466299626154E+00;	-3.2139683892520372E-04
+2.5640000000000001E+01;	+2.9999418645532070E+00;	-3.2178599556364731E-04
+2.5680000000000000E+01;	+2.9999585434861364E+00;	-3.2208534682398853E-04
+2.5719999999999999E+01;	+2.9999525867243757E+00;	-3.2241463321036390E-04
+2.5759999999999998E+01;	+2.9999573521337841E+00;	-3.2265411421863690E-04
+2.5800000000000001E+01;	+2.9999645002478967E+00;	-3.2286366010087576E-04
+2.5840000000000000E+01;	+2.9999573521337841E+00;	-3.2313307623518285E-04
+2.5880000000000003E+01;	+2.9999502040196715E+00;	-3.2346236262155822E-04
+2.5920000000000002E+01;	+2.9999370991437986E+00;	-3.2382158413396767E-04
+2.5960000000000001E+01;	+2.9999418645532070E+00;	-3.2400119489017244E-04
+2.6000000000000000E+01;	+2.9999347164390944E+00;	-3.2430054615051367E-04
+2.6039999999999999E+01;	+2.9999430559055589E+00;	-3.2459989741085490E-04
+2.6079999999999998E+01;	+2.9999597348384883E+00;	-3.2480944329309376E-04
+2.6120000000000001E+01;	+2.9999561607814322E+00;	-3.2504892430136676E-04
+2.6160000000000000E+01;	+2.9999513953720238E+00;	-3.2525847018360563E-04
+2.6200000000000003E+01;	+2.9999394818485028E+00;	-3.2543808093981035E-04
+2.6240000000000002E+01;	+2.9999430559055589E+00;	-3.2570749707411744E-04
+2.6280000000000001E+01;	+2.9999513953720238E+00;	-3.2585717270428808E-04
+2.6320000000000000E+01;	+2.9999561607814322E+00;	-3.2597691320842458E-04
+2.6359999999999999E+01;	+2.9999490126673196E+00;	-3.2624632934273167E-04
+2.6399999999999999E+01;	+2.9999513953720238E+00;	-3.2648581035100467E-04
+2.6439999999999998E+01;	+2.9999704570096570E+00;	-3.2666542110720940E-04
+2.6480000000000000E+01;	+2.9999549694290799E+00;	-3.2681509673738004E-04
+2.6520000000000000E+01;	+2.9999502040196715E+00;	-3.2702464261961890E-04
+2.6560000000000002E+01;	+2.9999549694290799E+00;	-3.2720425337582362E-04
+2.6600000000000001E+01;	+2.9999561607814322E+00;	-3.2750360463616485E-04
+2.6640000000000001E+01;	+2.9999561607814322E+00;	-3.2765328026633549E-04
+2.6680000000000000E+01;	+2.9999418645532070E+00;	-3.2789276127460849E-04
+2.6719999999999999E+01;	+2.9999537780767280E+00;	-3.2807237203081322E-04
+2.6759999999999998E+01;	+2.9999692656573052E+00;	-3.2825198278701794E-04
+2.6800000000000001E+01;	+2.9999645002478967E+00;	-3.2831185303908622E-04
+2.6840000000000000E+01;	+2.9999680743049528E+00;	-3.2843159354322272E-04
+2.6880000000000003E+01;	+2.9999787964761220E+00;	-3.2870100967752981E-04
+2.6920000000000002E+01;	+2.9999537780767280E+00;	-3.2882075018166631E-04
+2.6960000000000001E+01;	+2.9999335250867420E+00;	-3.2900036093787104E-04
+2.7000000000000000E+01;	+2.9999549694290799E+00;	-3.2912010144200754E-04
+2.7039999999999999E+01;	+2.9999633088955449E+00;	-3.2923984194614404E-04
+2.7079999999999998E+01;	+2.9999537780767280E+00;	-3.2950925808045113E-04
+2.7120000000000001E+01;	+2.9999525867243757E+00;	-3.2971880396268999E-04
+2.7160000000000000E+01;	+2.9999561607814322E+00;	-3.2980860934079235E-04
+2.7200000000000003E+01;	+2.9999728397143612E+00;	-3.2995828497096299E-04
+2.7240000000000002E+01;	+2.9999704570096570E+00;	-3.3004809034906536E-04
+2.7280000000000001E+01;	+2.9999573521337841E+00;	-3.3025763623130422E-04
+2.7320000000000000E+01;	+2.9999776051237697E+00;	-3.3046718211354308E-04
+2.7359999999999999E+01;	+2.9999478213149673E+00;	-3.3058692261767958E-04
+2.7399999999999999E+01;	+2.9999549694290799E+00;	-3.3073659824785022E-04
+2.7439999999999998E+01;	+2.9999621175431925E+00;	-3.3091620900405495E-04
+2.7480000000000000E+01;	+2.9999442472579112E+00;	-3.3103594950819145E-04
+2.7520000000000000E+01;	+2.9999454386102631E+00;	-3.3109581976025967E-04
+2.7560000000000002E+01;	+2.9999549694290799E+00;	-3.3127543051646440E-04
+2.7600000000000001E+01;	+2.9999573521337841E+00;	-3.3142510614663504E-04
+2.7640000000000001E+01;	+2.9999633088955449E+00;	-3.3142510614663504E-04
+2.7680000000000000E+01;	+2.9999728397143612E+00;	-3.3166458715490804E-04
+2.7719999999999999E+01;	+2.9999740310667136E+00;	-3.3178432765904454E-04
+2.7759999999999998E+01;	+2.9999645002478967E+00;	-3.3181426278507863E-04
+2.7800000000000001E+01;	+2.9999728397143612E+00;	-3.3187413303714691E-04
+2.7840000000000000E+01;	+2.9999907099996430E+00;	-3.3199387354128341E-04
+2.7880000000000003E+01;	+2.9999656916002486E+00;	-3.3220341942352227E-04
+2.7920000000000002E+01;	+2.9999645002478967E+00;	-3.3226328967559049E-04
+2.7960000000000001E+01;	+2.9999525867243757E+00;	-3.3235309505369286E-04
+2.8000000000000000E+01;	+2.9999573521337841E+00;	-3.3247283555782936E-04
+2.8039999999999999E+01;	+2.9999537780767280E+00;	-3.3265244631403408E-04
+2.8079999999999998E+01;	+2.9999609261908406E+00;	-3.3274225169213645E-04
+2.8120000000000001E+01;	+2.9999585434861364E+00;	-3.3280212194420472E-04
+2.8160000000000000E+01;	+2.9999716483620094E+00;	-3.3292186244834122E-04
+2.8200000000000003E+01;	+2.9999752224190654E+00;	-3.3310147320454595E-04
+2.8240000000000002E+01;	+2.9999585434861364E+00;	-3.3316134345661417E-04
+2.8280000000000001E+01;	+2.9999633088955449E+00;	-3.3319127858264831E-04
+2.8320000000000000E+01;	+2.9999692656573052E+00;	-3.3334095421281895E-04
+2.8359999999999999E+01;	+2.9999561607814322E+00;	-3.3340082446488718E-04
+2.8399999999999999E+01;	+2.9999585434861364E+00;	-3.3349062984298954E-04
+2.8439999999999998E+01;	+2.9999621175431925E+00;	-3.3364030547316018E-04
+2.8480000000000000E+01;	+2.9999561607814322E+00;	-3.3376004597729668E-04
+2.8520000000000000E+01;	+2.9999525867243757E+00;	-3.3384985135539904E-04
+2.8560000000000002E+01;	+2.9999716483620094E+00;	-3.3387978648143318E-04
+2.8600000000000001E+01;	+2.9999907099996430E+00;	-3.3402946211160377E-04
+2.8640000000000001E+01;	+2.9999597348384883E+00;	-3.3399952698556968E-04
+2.8680000000000000E+01;	+2.9999645002478967E+00;	-3.3408933236367204E-04
+2.8719999999999999E+01;	+2.9999621175431925E+00;	-3.3411926748970613E-04
+2.8759999999999998E+01;	+2.9999561607814322E+00;	-3.3420907286780855E-04
+2.8800000000000001E+01;	+2.9999680743049528E+00;	-3.3426894311987677E-04
+2.8840000000000000E+01;	+2.9999811791808262E+00;	-3.3435874849797913E-04
+2.8880000000000003E+01;	+2.9999716483620094E+00;	-3.3441861875004741E-04
+2.8920000000000002E+01;	+2.9999740310667136E+00;	-3.3447848900211563E-04
+2.8960000000000001E+01;	+2.9999597348384883E+00;	-3.3453835925418386E-04
+2.9000000000000000E+01;	+2.9999609261908406E+00;	-3.3459822950625213E-04
+2.9039999999999999E+01;	+2.9999573521337841E+00;	-3.3474790513642272E-04
+2.9079999999999998E+01;	+2.9999668829526009E+00;	-3.3480777538849100E-04
+2.9120000000000001E+01;	+2.9999716483620094E+00;	-3.3492751589262750E-04
+2.9160000000000000E+01;	+2.9999597348384883E+00;	-3.3498738614469572E-04
+2.9200000000000003E+01;	+2.9999823705331781E+00;	-3.3501732127072986E-04
+2.9240000000000002E+01;	+2.9999716483620094E+00;	-3.3513706177486636E-04
+2.9280000000000001E+01;	+2.9999525867243757E+00;	-3.3525680227900287E-04
+2.9320000000000000E+01;	+2.9999525867243757E+00;	-3.3540647790917345E-04
+2.9359999999999999E+01;	+2.9999716483620094E+00;	-3.3540647790917345E-04
+2.9399999999999999E+01;	+2.9999502040196715E+00;	-3.3543641303520759E-04
+2.9439999999999998E+01;	+2.9999633088955449E+00;	-3.3552621841330995E-04
+2.9480000000000000E+01;	+2.9999573521337841E+00;	-3.3549628328727581E-04
+2.9520000000000000E+01;	+2.9999609261908406E+00;	-3.3549628328727581E-04
+2.9560000000000002E+01;	+2.9999645002478967E+00;	-3.3567589404348059E-04
+2.9600000000000001E+01;	+2.9999621175431925E+00;	-3.3567589404348059E-04
+2.9640000000000001E+01;	+2.9999680743049528E+00;	-3.3570582916951468E-04
+2.9680000000000000E+01;	+2.9999525867243757E+00;	-3.3579563454761704E-04
+2.9719999999999999E+01;	+2.9999609261908406E+00;	-3.3582556967365118E-04
+2.9759999999999998E+01;	+2.9999668829526009E+00;	-3.3582556967365118E-04
+2.9800000000000001E+01;	+2.9999835618855304E+00;	-3.3591537505175354E-04
+2.9840000000000000E+01;	+2.9999645002478967E+00;	-3.3597524530382182E-04
+2.9880000000000003E+01;	+2.9999716483620094E+00;	-3.3603511555589004E-04
+2.9920000000000002E+01;	+2.9999716483620094E+00;	-3.3609498580795832E-04
+2.9960000000000001E+01;	+2.9999573521337841E+00;	-3.3615485606002654E-04
+3.0000000000000000E+01;	+2.9999859445902346E+00;	-3.3612492093399240E-04
+3.0039999999999999E+01;	-4.4190594525862943E-05;	-5.6564948709787498E-03
+3.0079999999999998E+01;	-3.5851128061183991E-05;	-5.5267560347468589E-03
+3.0120000000000001E+01;	-3.8233832765377962E-05;	-5.3999807759923454E-03
+3.0160000000000000E+01;	-4.0616537469571933E-05;	-5.2764085757234843E-03
+3.0199999999999999E+01;	-3.8233832765377962E-05;	-5.1559196934361376E-03
+3.0239999999999998E+01;	-3.4659775709087060E-05;	-5.0384243237522027E-03
+3.0280000000000001E+01;	-3.7042480413281031E-05;	-4.9239524017977154E-03
+3.0320000000000000E+01;	-3.8233832765377962E-05;	-4.8124739924466390E-03
+3.0359999999999999E+01;	-3.2277071004893089E-05;	-4.7037795498167372E-03
+3.0399999999999999E+01;	-3.8233832765377962E-05;	-4.5977792685299064E-03
+3.0440000000000001E+01;	-3.4659775709087060E-05;	-4.4944731485861466E-03
+3.0480000000000000E+01;	-3.2277071004893089E-05;	-4.3936815792292522E-03
+3.0520000000000000E+01;	-3.3468423356990021E-05;	-4.2955243009633621E-03
+3.0559999999999999E+01;	-3.2277071004893089E-05;	-4.1997618327802013E-03
+3.0600000000000001E+01;	-3.7042480413281031E-05;	-4.1063941746797700E-03
+3.0640000000000001E+01;	-2.8703013948602188E-05;	-4.0153913915360346E-03
+3.0680000000000000E+01;	-3.8233832765377962E-05;	-3.9266636779708933E-03
+3.0719999999999999E+01;	-3.8233832765377962E-05;	-3.8400314232281399E-03
+3.0760000000000002E+01;	-3.8233832765377962E-05;	-3.7555544975598435E-03
+3.0800000000000001E+01;	-3.5851128061183991E-05;	-3.6732628360920381E-03
+3.0840000000000000E+01;	-3.5851128061183991E-05;	-3.5929768280685190E-03
+3.0879999999999999E+01;	-4.0616537469571933E-05;	-3.5145767329851497E-03
+3.0920000000000002E+01;	-3.2277071004893089E-05;	-3.4380924859679645E-03
+3.0960000000000001E+01;	-3.3468423356990021E-05;	-3.3633744113867924E-03
+3.1000000000000000E+01;	-3.4659775709087060E-05;	-3.2906919253759409E-03
+3.1039999999999999E+01;	-3.5851128061183991E-05;	-3.2197157415490341E-03
+3.1079999999999998E+01;	-3.4659775709087060E-05;	-3.1506254706622772E-03
+3.1120000000000001E+01;	-3.4659775709087060E-05;	-3.0830618912032607E-03
+3.1160000000000000E+01;	-3.9425185117475002E-05;	-3.0172046139281890E-03
+3.1199999999999999E+01;	-2.6320309244408217E-05;	-2.9528740280808578E-03
+3.1239999999999998E+01;	-3.1085718652796158E-05;	-2.8900401985352329E-03
+3.1280000000000001E+01;	-3.9425185117475002E-05;	-2.8290623468037231E-03
+3.1320000000000000E+01;	-3.5851128061183991E-05;	-2.7692519649875447E-03
+3.1359999999999999E+01;	-3.1085718652796158E-05;	-2.7109084043470382E-03
+3.1399999999999999E+01;	-3.7042480413281031E-05;	-2.6541214702603061E-03
+3.1440000000000001E+01;	-4.1807889821668972E-05;	-2.5987115519711433E-03
+3.1480000000000000E+01;	-4.0616537469571933E-05;	-2.5444691035973119E-03
+3.1520000000000000E+01;	-4.0616537469571933E-05;	-2.4916934763991525E-03
+3.1559999999999999E+01;	-3.3468423356990021E-05;	-2.4402349947464943E-03
+3.1600000000000001E+01;	-3.7042480413281031E-05;	-2.3899140478831327E-03
+3.1640000000000001E+01;	-3.5851128061183991E-05;	-2.3409102465652724E-03
+3.1680000000000000E+01;	-3.3468423356990021E-05;	-2.2931337854148115E-03
+3.1719999999999999E+01;	-3.1085718652796158E-05;	-2.2464948590536471E-03
+3.1760000000000002E+01;	-2.8703013948602188E-05;	-2.2008737269776433E-03
+3.1800000000000001E+01;	-3.1085718652796158E-05;	-2.1563901296909357E-03
+3.1840000000000000E+01;	-3.4659775709087060E-05;	-2.1128644564373201E-03
+3.1879999999999999E+01;	-3.2277071004893089E-05;	-2.0706559287292062E-03
+3.1920000000000002E+01;	-3.4659775709087060E-05;	-2.0292556494240135E-03
+3.1960000000000001E+01;	-3.7042480413281031E-05;	-1.9890527751601859E-03
+3.2000000000000000E+01;	-3.7042480413281031E-05;	-1.9496581492992795E-03
+3.2039999999999999E+01;	-3.7042480413281031E-05;	-1.9112813177235332E-03
+3.2079999999999998E+01;	-3.5851128061183991E-05;	-1.8739222804329471E-03
+3.2119999999999997E+01;	-3.3468423356990021E-05;	-1.8374014266713166E-03
+3.2159999999999997E+01;	-3.2277071004893089E-05;	-1.8016289510605389E-03
+3.2200000000000003E+01;	-4.0616537469571933E-05;	-1.7668143994828535E-03
+3.2240000000000002E+01;	-3.3468423356990021E-05;	-1.7328679665601576E-03
+3.2280000000000001E+01;	-2.1554899836020275E-05;	-1.6997896522924511E-03
+3.2320000000000000E+01;	-3.2277071004893089E-05;	-1.6672801054193930E-03
+3.2359999999999999E+01;	-3.2277071004893089E-05;	-1.6356985474533928E-03
+3.2399999999999999E+01;	-3.1085718652796158E-05;	-1.6047456271341093E-03
+3.2439999999999998E+01;	-3.3468423356990021E-05;	-1.5746308903437809E-03
+3.2479999999999997E+01;	-2.3937604540214246E-05;	-1.5453244019563743E-03
+3.2520000000000003E+01;	-3.5851128061183991E-05;	-1.5166764863417180E-03
+3.2560000000000002E+01;	-3.3468423356990021E-05;	-1.4886871434998128E-03
+3.2600000000000001E+01;	-2.9894366300699119E-05;	-1.4613563734306580E-03
+3.2640000000000001E+01;	-2.9894366300699119E-05;	-1.4345644356301174E-03
+3.2680000000000000E+01;	-2.7511661596505148E-05;	-1.4084310706023277E-03
+3.2719999999999999E+01;	-2.8703013948602188E-05;	-1.3829562783472886E-03
+3.2759999999999998E+01;	-3.2277071004893089E-05;	-1.3581101237389664E-03
+3.2799999999999997E+01;	-3.7042480413281031E-05;	-1.3338926067773605E-03
+3.2840000000000003E+01;	-3.1085718652796158E-05;	-1.3101839869583346E-03
+3.2880000000000003E+01;	-2.9894366300699119E-05;	-1.2870740696599913E-03
+3.2920000000000002E+01;	-2.0363547483923236E-05;	-1.2645927900083646E-03
+3.2960000000000001E+01;	-3.1085718652796158E-05;	-1.2425006669951816E-03
+3.3000000000000000E+01;	-3.7042480413281031E-05;	-1.2210371816287150E-03
+3.3039999999999999E+01;	-3.2277071004893089E-05;	-1.2000825934048286E-03
+3.3079999999999998E+01;	-2.3937604540214246E-05;	-1.1795470969454200E-03
+3.3119999999999997E+01;	-2.6320309244408217E-05;	-1.1595204976285914E-03
+3.3159999999999997E+01;	-2.6320309244408217E-05;	-1.1400626657064113E-03
+3.3200000000000003E+01;	-2.8703013948602188E-05;	-1.1208742499185381E-03
+3.3240000000000002E+01;	-2.8703013948602188E-05;	-1.1023743420294498E-03
+3.3280000000000001E+01;	-3.1085718652796158E-05;	-1.0841139151486344E-03
+3.3320000000000000E+01;	-2.6320309244408217E-05;	-1.0664521907885018E-03
+3.3359999999999999E+01;	-3.5851128061183991E-05;	-1.0491496879407784E-03
+3.3399999999999999E+01;	-2.2746252188117206E-05;	-1.0322064066054645E-03
+3.3439999999999998E+01;	-2.9894366300699119E-05;	-1.0156522819085943E-03
+3.3479999999999997E+01;	-3.2277071004893089E-05;	-9.9954718410223578E-04
+3.3520000000000003E+01;	-2.9894366300699119E-05;	-9.8383124293432100E-04
+3.3560000000000002E+01;	-2.6320309244408217E-05;	-9.6844458815278163E-04
+3.3600000000000001E+01;	-3.1085718652796158E-05;	-9.5350696026175403E-04
+3.3640000000000001E+01;	-3.2277071004893089E-05;	-9.3892855388313587E-04
+3.3680000000000000E+01;	-3.1085718652796158E-05;	-9.2461956363882496E-04
+3.3719999999999999E+01;	-4.0616537469571933E-05;	-9.1063985978088926E-04
+3.3759999999999998E+01;	-3.4659775709087060E-05;	-8.9695950718329484E-04
+3.3799999999999997E+01;	-3.5851128061183991E-05;	-8.8354857072000755E-04
+3.3840000000000003E+01;	-3.5851128061183991E-05;	-8.7064653139930042E-04
+3.3880000000000003E+01;	-3.3468423356990021E-05;	-8.5786423258272962E-04
+3.3920000000000002E+01;	-3.2277071004893089E-05;	-8.4547109040460252E-04
+3.3960000000000001E+01;	-2.9894366300699119E-05;	-8.3343716973888497E-04
+3.4000000000000000E+01;	-3.1085718652796158E-05;	-8.2161279495540618E-04
+3.4039999999999999E+01;	-2.6320309244408217E-05;	-8.1002790118020040E-04
+3.4079999999999998E+01;	-2.6320309244408217E-05;	-7.9865255328723348E-04
+3.4119999999999997E+01;	-3.1085718652796158E-05;	-7.8766636203271025E-04
+3.4159999999999997E+01;	-2.9894366300699119E-05;	-7.7694958691249406E-04
+3.4200000000000003E+01;	-3.9425185117475002E-05;	-7.6641242254848259E-04
+3.4240000000000002E+01;	-3.1085718652796158E-05;	-7.5611473919274413E-04
+3.4280000000000001E+01;	-2.8703013948602188E-05;	-7.4617627734941511E-04
+3.4320000000000000E+01;	-2.8703013948602188E-05;	-7.3653716676642738E-04
+3.4359999999999999E+01;	-2.8703013948602188E-05;	-7.2695792643550792E-04
+3.4399999999999999E+01;	-3.7042480413281031E-05;	-7.1758823198682722E-04
+3.4439999999999998E+01;	-3.7042480413281031E-05;	-7.0854782392452205E-04
+3.4480000000000004E+01;	-3.8233832765377962E-05;	-6.9962715636635322E-04
+3.4520000000000003E+01;	-3.7042480413281031E-05;	-6.9088609956438922E-04
+3.4560000000000002E+01;	-3.5851128061183991E-05;	-6.8241445889673225E-04
+3.4600000000000001E+01;	-3.4659775709087060E-05;	-6.7415236411131414E-04
+3.4640000000000001E+01;	-3.8233832765377962E-05;	-6.6609981520813501E-04
+3.4680000000000000E+01;	-3.4659775709087060E-05;	-6.5816700680909222E-04
+3.4719999999999999E+01;	-3.2277071004893089E-05;	-6.5035393891418609E-04
+3.4759999999999998E+01;	-2.9894366300699119E-05;	-6.4278035202755286E-04
+3.4799999999999997E+01;	-2.8703013948602188E-05;	-6.3556598665332907E-04
+3.4840000000000003E+01;	-3.2277071004893089E-05;	-6.2841149153117356E-04
+3.4880000000000003E+01;	-3.7042480413281031E-05;	-6.2131686666108633E-04
+3.4920000000000002E+01;	-2.6320309244408217E-05;	-6.1434198229513555E-04
+3.4960000000000001E+01;	-2.7511661596505148E-05;	-6.0766644918952605E-04
+3.5000000000000000E+01;	-3.4659775709087060E-05;	-6.0111065658805299E-04
+3.5039999999999999E+01;	-2.5128956892311177E-05;	-5.9476440986881880E-04
+3.5079999999999998E+01;	-3.2277071004893089E-05;	-5.8853790365372117E-04
+3.5119999999999997E+01;	-2.9894366300699119E-05;	-5.8225152718655525E-04
+3.5159999999999997E+01;	-3.1085718652796158E-05;	-5.7623456685369648E-04
+3.5200000000000003E+01;	-2.9894366300699119E-05;	-5.7045708752911060E-04
+3.5240000000000002E+01;	-2.9894366300699119E-05;	-5.6473947845659300E-04
+3.5280000000000001E+01;	-3.2277071004893089E-05;	-5.5911167476217782E-04
+3.5320000000000000E+01;	-3.3468423356990021E-05;	-5.5360361157189909E-04
+3.5359999999999999E+01;	-2.9894366300699119E-05;	-5.4827515913782518E-04
+3.5399999999999999E+01;	-3.1085718652796158E-05;	-5.4303651208185359E-04
+3.5439999999999998E+01;	-2.5128956892311177E-05;	-5.3785773527795016E-04
+3.5480000000000004E+01;	-3.1085718652796158E-05;	-5.3300824486042227E-04
+3.5520000000000003E+01;	-3.4659775709087060E-05;	-5.2806894906479184E-04
+3.5560000000000002E+01;	-3.9425185117475002E-05;	-5.2333919915140039E-04
+3.5600000000000001E+01;	-4.0616537469571933E-05;	-5.1878905999421356E-04
+3.5640000000000001E+01;	-3.4659775709087060E-05;	-5.1429879108909511E-04
+3.5680000000000000E+01;	-2.6320309244408217E-05;	-5.0977858705794242E-04
+3.5719999999999999E+01;	-3.5851128061183991E-05;	-5.0543799378299455E-04
+3.5759999999999998E+01;	-3.1085718652796158E-05;	-5.0121714101218314E-04
+3.5799999999999997E+01;	-2.8703013948602188E-05;	-4.9711602874550817E-04
+3.5840000000000003E+01;	-2.3937604540214246E-05;	-4.9319452723503804E-04
+3.5880000000000003E+01;	-3.1085718652796158E-05;	-4.8918322034646549E-04
+3.5920000000000002E+01;	-2.6320309244408217E-05;	-4.8535152421409766E-04
+3.5960000000000001E+01;	-3.4659775709087060E-05;	-4.8163956858586639E-04
+3.6000000000000000E+01;	-2.6320309244408217E-05;	-4.7801741833573743E-04
+3.6039999999999999E+01;	-3.3468423356990021E-05;	-4.7451500858974502E-04
+3.6079999999999998E+01;	-3.4659775709087060E-05;	-4.7089285833961606E-04
+3.6119999999999997E+01;	-3.8233832765377962E-05;	-4.6742038371965779E-04
+3.6159999999999997E+01;	-3.3468423356990021E-05;	-4.6406764960383597E-04
+3.6200000000000003E+01;	-2.8703013948602188E-05;	-4.6071491548801415E-04
+3.6240000000000002E+01;	-2.5128956892311177E-05;	-4.5766153263253356E-04
+3.6280000000000001E+01;	-2.3937604540214246E-05;	-4.5457821465101883E-04
+3.6320000000000000E+01;	-2.2746252188117206E-05;	-4.5155476692157237E-04
+3.6359999999999999E+01;	-2.8703013948602188E-05;	-4.4850138406609178E-04
+3.6399999999999999E+01;	-3.1085718652796158E-05;	-4.4568748221888418E-04
+3.6439999999999998E+01;	-3.2277071004893089E-05;	-4.4281371011960832E-04
+3.6480000000000004E+01;	-2.8703013948602188E-05;	-4.4011954877653723E-04
+3.6520000000000003E+01;	-2.9894366300699119E-05;	-4.3742538743346608E-04
+3.6560000000000002E+01;	-3.1085718652796158E-05;	-4.3485096659453149E-04
+3.6600000000000001E+01;	-3.7042480413281031E-05;	-4.3221667550352863E-04
+3.6640000000000001E+01;	-3.1085718652796158E-05;	-4.2973206004269640E-04
+3.6680000000000000E+01;	-2.9894366300699119E-05;	-4.2721750945583003E-04
+3.6719999999999999E+01;	-2.6320309244408217E-05;	-4.2476282912103189E-04
+3.6759999999999998E+01;	-3.2277071004893089E-05;	-4.2254762979450675E-04
+3.6799999999999997E+01;	-3.2277071004893089E-05;	-4.2024262508987925E-04
+3.6840000000000003E+01;	-4.0616537469571933E-05;	-4.1802742576335411E-04
+3.6880000000000003E+01;	-3.7042480413281031E-05;	-4.1575235618476075E-04
+3.6920000000000002E+01;	-3.7042480413281031E-05;	-4.1371676761444034E-04
+3.6960000000000001E+01;	-3.7042480413281031E-05;	-4.1165124391808584E-04
+3.7000000000000000E+01;	-3.7042480413281031E-05;	-4.0961565534776542E-04
+3.7039999999999999E+01;	-3.5851128061183991E-05;	-4.0766987215554742E-04
+3.7079999999999998E+01;	-2.7511661596505148E-05;	-4.0572408896332937E-04
+3.7119999999999997E+01;	-3.8233832765377962E-05;	-4.0383817602317960E-04
+3.7159999999999997E+01;	-2.6320309244408217E-05;	-4.0195226308302982E-04
+3.7200000000000003E+01;	-2.6320309244408217E-05;	-4.0006635014288005E-04
+3.7240000000000002E+01;	-3.2277071004893089E-05;	-3.9830017770686678E-04
+3.7280000000000001E+01;	-2.6320309244408217E-05;	-3.9659387552292173E-04
+3.7320000000000000E+01;	-3.2277071004893089E-05;	-3.9491750846501082E-04
+3.7359999999999999E+01;	-2.9894366300699119E-05;	-3.9330101165916819E-04
+3.7399999999999999E+01;	-3.8233832765377962E-05;	-3.9168451485332550E-04
+3.7439999999999998E+01;	-2.6320309244408217E-05;	-3.8997821266938045E-04
+3.7480000000000004E+01;	-2.8703013948602188E-05;	-3.8833178073750368E-04
+3.7520000000000003E+01;	-3.4659775709087060E-05;	-3.8683502443579749E-04
+3.7560000000000002E+01;	-3.4659775709087060E-05;	-3.8539813838615959E-04
+3.7600000000000001E+01;	-3.4659775709087060E-05;	-3.8387144695841926E-04
+3.7640000000000001E+01;	-3.1085718652796158E-05;	-3.8246449603481549E-04
+3.7680000000000000E+01;	-3.2277071004893089E-05;	-3.8111741536327995E-04
+3.7719999999999999E+01;	-3.2277071004893089E-05;	-3.7980026981777849E-04
+3.7759999999999998E+01;	-3.4659775709087060E-05;	-3.7845318914624294E-04
+3.7799999999999997E+01;	-3.8233832765377962E-05;	-3.7710610847470740E-04
+3.7840000000000003E+01;	-3.2277071004893089E-05;	-3.7581889805524008E-04
+3.7880000000000003E+01;	-3.9425185117475002E-05;	-3.7465142813990926E-04
+3.7920000000000002E+01;	-3.9425185117475002E-05;	-3.7342408797251021E-04
+3.7960000000000001E+01;	-3.9425185117475002E-05;	-3.7219674780511117E-04
+3.8000000000000000E+01;	-3.2277071004893089E-05;	-3.7096940763771207E-04
+3.8039999999999999E+01;	-2.9894366300699119E-05;	-3.6983187284841539E-04
+3.8079999999999998E+01;	-3.7042480413281031E-05;	-3.6872427318515285E-04
+3.8120000000000005E+01;	-3.3468423356990021E-05;	-3.6752686814378789E-04
+3.8159999999999997E+01;	-2.5128956892311177E-05;	-3.6647913873259357E-04
+3.8200000000000003E+01;	-2.6320309244408217E-05;	-3.6540147419536511E-04
+3.8240000000000002E+01;	-3.5851128061183991E-05;	-3.6441361503623907E-04
+3.8280000000000001E+01;	-3.1085718652796158E-05;	-3.6336588562504475E-04
+3.8320000000000000E+01;	-3.2277071004893089E-05;	-3.6228822108781629E-04
+3.8359999999999999E+01;	-2.9894366300699119E-05;	-3.6139016730679261E-04
+3.8399999999999999E+01;	-3.1085718652796158E-05;	-3.6034243789559829E-04
+3.8439999999999998E+01;	-3.4659775709087060E-05;	-3.5938451386250634E-04
+3.8480000000000004E+01;	-2.6320309244408217E-05;	-3.5845652495544852E-04
+3.8519999999999996E+01;	-3.1085718652796158E-05;	-3.5764827655252715E-04
+3.8560000000000002E+01;	-3.3468423356990021E-05;	-3.5675022277150347E-04
+3.8600000000000001E+01;	-2.9894366300699119E-05;	-3.5588210411651388E-04
+3.8640000000000001E+01;	-3.4659775709087060E-05;	-3.5504392058755842E-04
+3.8680000000000000E+01;	-2.5128956892311177E-05;	-3.5417580193256883E-04
+3.8719999999999999E+01;	-3.4659775709087060E-05;	-3.5342742378171574E-04
+3.8759999999999998E+01;	-2.6320309244408217E-05;	-3.5267904563086270E-04
+3.8799999999999997E+01;	-2.3937604540214246E-05;	-3.5193066748000960E-04
+3.8840000000000003E+01;	-3.3468423356990021E-05;	-3.5127209470725887E-04
+3.8880000000000003E+01;	-3.5851128061183991E-05;	-3.5055365168243992E-04
+3.8920000000000002E+01;	-3.3468423356990021E-05;	-3.4983520865762097E-04
+3.8960000000000001E+01;	-3.2277071004893089E-05;	-3.4911676563280201E-04
+3.9000000000000000E+01;	-2.8703013948602188E-05;	-3.4848812798608542E-04
+3.9039999999999999E+01;	-3.2277071004893089E-05;	-3.4773974983523233E-04
+3.9079999999999998E+01;	-3.2277071004893089E-05;	-3.4705124193644746E-04
+3.9120000000000005E+01;	-4.0616537469571933E-05;	-3.4642260428973087E-04
+3.9159999999999997E+01;	-3.7042480413281031E-05;	-3.4564429101284369E-04
+3.9200000000000003E+01;	-3.7042480413281031E-05;	-3.4498571824009296E-04
+3.9240000000000002E+01;	-2.9894366300699119E-05;	-3.4447682109751287E-04
+3.9280000000000001E+01;	-3.3468423356990021E-05;	-3.4393798882889864E-04
+3.9320000000000000E+01;	-2.2746252188117206E-05;	-3.4330935118218205E-04
+3.9359999999999999E+01;	-3.1085718652796158E-05;	-3.4280045403960196E-04
+3.9399999999999999E+01;	-3.1085718652796158E-05;	-3.4229155689702187E-04
+3.9439999999999998E+01;	-2.8703013948602188E-05;	-3.4172278950237350E-04
+3.9480000000000004E+01;	-2.8703013948602188E-05;	-3.4106421672962277E-04
+3.9519999999999996E+01;	-3.4659775709087060E-05;	-3.4067506009117918E-04
+3.9560000000000002E+01;	-3.2277071004893089E-05;	-3.4022603320066732E-04
+3.9600000000000001E+01;	-3.3468423356990021E-05;	-3.3974707118412137E-04
+3.9640000000000001E+01;	-3.7042480413281031E-05;	-3.3923817404154128E-04
+3.9680000000000000E+01;	-3.8233832765377962E-05;	-3.3884901740309763E-04
+3.9719999999999999E+01;	-3.4659775709087060E-05;	-3.3834012026051754E-04
+3.9759999999999998E+01;	-3.5851128061183991E-05;	-3.3783122311793745E-04
+3.9799999999999997E+01;	-2.8703013948602188E-05;	-3.3735226110139150E-04
+3.9840000000000003E+01;	-3.5851128061183991E-05;	-3.3687329908484550E-04
+3.9880000000000003E+01;	-3.8233832765377962E-05;	-3.3645420732036777E-04
+3.9920000000000002E+01;	-3.3468423356990021E-05;	-3.3597524530382182E-04
+3.9960000000000001E+01;	-2.6320309244408217E-05;	-3.3561602379141231E-04
+4.0000000000000000E+01;	-3.1085718652796158E-05;	-3.3525680227900287E-04
+4.0039999999999999E+01;	-3.3468423356990021E-05;	-3.3480777538849100E-04
+4.0079999999999998E+01;	-3.2277071004893089E-05;	-3.3441861875004741E-04
+4.0120000000000005E+01;	-3.4659775709087060E-05;	-3.3417913774177441E-04
+4.0159999999999997E+01;	-3.2277071004893089E-05;	-3.3370017572522840E-04
+4.0200000000000003E+01;	-3.3468423356990021E-05;	-3.3343075959092131E-04
+4.0240000000000002E+01;	-4.0616537469571933E-05;	-3.3301166782644359E-04
+4.0280000000000001E+01;	-3.9425185117475002E-05;	-3.3259257606196586E-04
+4.0320000000000000E+01;	-3.8233832765377962E-05;	-3.3226328967559049E-04
+4.0359999999999999E+01;	-3.5851128061183991E-05;	-3.3190406816318099E-04
+4.0399999999999999E+01;	-3.9425185117475002E-05;	-3.3160471690283976E-04
+4.0439999999999998E+01;	-3.8233832765377962E-05;	-3.3124549539043031E-04
+4.0480000000000004E+01;	-3.4659775709087060E-05;	-3.3091620900405495E-04
+4.0519999999999996E+01;	-3.7042480413281031E-05;	-3.3064679286974781E-04
+4.0560000000000002E+01;	-3.7042480413281031E-05;	-3.3040731186147486E-04
+4.0600000000000001E+01;	-3.4659775709087060E-05;	-3.3001815522303122E-04
+4.0640000000000001E+01;	-2.9894366300699119E-05;	-3.2968886883665591E-04
+4.0680000000000000E+01;	-3.4659775709087060E-05;	-3.2938951757631463E-04
+4.0719999999999999E+01;	-3.4659775709087060E-05;	-3.2912010144200754E-04
+4.0759999999999998E+01;	-3.5851128061183991E-05;	-3.2882075018166631E-04
+4.0799999999999997E+01;	-3.2277071004893089E-05;	-3.2855133404735917E-04
+4.0840000000000003E+01;	-3.1085718652796158E-05;	-3.2825198278701794E-04
+4.0880000000000003E+01;	-2.5128956892311177E-05;	-3.2792269640064258E-04
+4.0920000000000002E+01;	-2.7511661596505148E-05;	-3.2765328026633549E-04
+4.0960000000000001E+01;	-2.6320309244408217E-05;	-3.2741379925806249E-04
+4.1000000000000000E+01;	-3.1085718652796158E-05;	-3.2714438312375540E-04
+4.1039999999999999E+01;	-3.2277071004893089E-05;	-3.2678516161134590E-04
+4.1079999999999998E+01;	-3.5851128061183991E-05;	-3.2660555085514117E-04
+4.1120000000000005E+01;	-3.7042480413281031E-05;	-3.2630619959479995E-04
+4.1159999999999997E+01;	-3.4659775709087060E-05;	-3.2609665371256108E-04
+4.1200000000000003E+01;	-3.5851128061183991E-05;	-3.2588710783032222E-04
+4.1240000000000002E+01;	-3.3468423356990021E-05;	-3.2573743220015158E-04
+4.1280000000000001E+01;	-3.7042480413281031E-05;	-3.2543808093981035E-04
+4.1320000000000000E+01;	-3.2277071004893089E-05;	-3.2522853505757149E-04
+4.1359999999999999E+01;	-3.5851128061183991E-05;	-3.2504892430136676E-04
+4.1399999999999999E+01;	-3.3468423356990021E-05;	-3.2483937841912790E-04
+4.1439999999999998E+01;	-3.3468423356990021E-05;	-3.2459989741085490E-04
+4.1480000000000004E+01;	-3.3468423356990021E-05;	-3.2439035152861603E-04
+4.1519999999999996E+01;	-3.3468423356990021E-05;	-3.2409100026827481E-04
+4.1560000000000002E+01;	-3.5851128061183991E-05;	-3.2391138951207008E-04
+4.1600000000000001E+01;	-3.2277071004893089E-05;	-3.2379164900793358E-04
+4.1640000000000001E+01;	-3.5851128061183991E-05;	-3.2358210312569472E-04
+4.1680000000000000E+01;	-3.2277071004893089E-05;	-3.2340249236948994E-04
+4.1719999999999999E+01;	-3.3468423356990021E-05;	-3.2316301136121699E-04
+4.1759999999999998E+01;	-3.1085718652796158E-05;	-3.2307320598311463E-04
+4.1799999999999997E+01;	-3.2277071004893089E-05;	-3.2292353035294399E-04
+4.1840000000000003E+01;	-3.8233832765377962E-05;	-3.2289359522690985E-04
+4.1880000000000003E+01;	-3.4659775709087060E-05;	-3.2274391959673926E-04
+4.1920000000000002E+01;	-4.0616537469571933E-05;	-3.2250443858846626E-04
+4.1960000000000001E+01;	-3.5851128061183991E-05;	-3.2223502245415917E-04
+4.2000000000000000E+01;	-3.1085718652796158E-05;	-3.2217515220209089E-04
+4.2039999999999999E+01;	-3.2277071004893089E-05;	-3.2202547657192031E-04
+4.2079999999999998E+01;	-3.5851128061183991E-05;	-3.2187580094174967E-04
+4.2120000000000005E+01;	-3.5851128061183991E-05;	-3.2172612531157903E-04
+4.2159999999999997E+01;	-3.3468423356990021E-05;	-3.2166625505951080E-04
+4.2200000000000003E+01;	-3.4659775709087060E-05;	-3.2154651455537430E-04
+4.2240000000000002E+01;	-3.4659775709087060E-05;	-3.2148664430330608E-04
+4.2280000000000001E+01;	-2.8703013948602188E-05;	-3.2124716329503308E-04
+4.2320000000000000E+01;	-2.8703013948602188E-05;	-3.2115735791693071E-04
+4.2359999999999999E+01;	-3.5851128061183991E-05;	-3.2112742279089658E-04
+4.2399999999999999E+01;	-3.9425185117475002E-05;	-3.2094781203469185E-04
+4.2439999999999998E+01;	-3.5851128061183991E-05;	-3.2088794178262357E-04
+4.2480000000000004E+01;	-3.3468423356990021E-05;	-3.2076820127848713E-04
+4.2519999999999996E+01;	-3.5851128061183991E-05;	-3.2058859052228235E-04
+4.2560000000000002E+01;	-3.8233832765377962E-05;	-3.2055865539624826E-04
+4.2600000000000001E+01;	-4.1807889821668972E-05;	-3.2037904464004348E-04
+4.2640000000000001E+01;	-4.1807889821668972E-05;	-3.2034910951400940E-04
+4.2680000000000000E+01;	-3.7042480413281031E-05;	-3.2025930413590698E-04
+4.2719999999999999E+01;	-3.8233832765377962E-05;	-3.2004975825366812E-04
+4.2759999999999998E+01;	-2.5128956892311177E-05;	-3.1995995287556576E-04
+4.2799999999999997E+01;	-3.8233832765377962E-05;	-3.1987014749746339E-04
+4.2840000000000003E+01;	-3.8233832765377962E-05;	-3.1972047186729281E-04
+4.2880000000000003E+01;	-4.0616537469571933E-05;	-3.1957079623712217E-04
+4.2920000000000002E+01;	-4.1807889821668972E-05;	-3.1948099085901980E-04
+4.2960000000000001E+01;	-3.7042480413281031E-05;	-3.1933131522884916E-04
+4.3000000000000000E+01;	-3.8233832765377962E-05;	-3.1933131522884916E-04
+4.3039999999999999E+01;	-3.9425185117475002E-05;	-3.1915170447264444E-04
+4.3079999999999998E+01;	-3.9425185117475002E-05;	-3.1903196396850794E-04
+4.3120000000000005E+01;	-3.2277071004893089E-05;	-3.1903196396850794E-04
+4.3159999999999997E+01;	-3.1085718652796158E-05;	-3.1897209371643971E-04
+4.3200000000000003E+01;	-3.3468423356990021E-05;	-3.1885235321230321E-04
+4.3240000000000002E+01;	-3.5851128061183991E-05;	-3.1873261270816671E-04
+4.3280000000000001E+01;	-3.5851128061183991E-05;	-3.1861287220403021E-04
+4.3320000000000000E+01;	-3.5851128061183991E-05;	-3.1849313169989371E-04
+4.3359999999999999E+01;	-3.3468423356990021E-05;	-3.1834345606972312E-04
+4.3399999999999999E+01;	-3.9425185117475002E-05;	-3.1831352094368898E-04
+4.3439999999999998E+01;	-3.9425185117475002E-05;	-3.1831352094368898E-04
+4.3480000000000004E+01;	-3.9425185117475002E-05;	-3.1831352094368898E-04
+4.3519999999999996E+01;	-3.9425185117475002E-05;	-3.1831352094368898E-04
+4.3560000000000002E+01;	-3.3468423356990021E-05;	-3.1834345606972312E-04
+4.3600000000000001E+01;	-3.9425185117475002E-05;	-3.1816384531351834E-04
+4.3640000000000001E+01;	-4.0616537469571933E-05;	-3.1801416968334776E-04
+4.3680000000000000E+01;	-3.5851128061183991E-05;	-3.1798423455731362E-04
+4.3719999999999999E+01;	-3.5851128061183991E-05;	-3.1789442917921126E-04
+4.3759999999999998E+01;	-3.2277071004893089E-05;	-3.1786449405317712E-04
+4.3799999999999997E+01;	-3.2277071004893089E-05;	-3.1777468867507475E-04
+4.3840000000000003E+01;	-3.1085718652796158E-05;	-3.1768488329697239E-04
+4.3880000000000003E+01;	-4.1807889821668972E-05;	-3.1768488329697239E-04
+4.3920000000000002E+01;	-3.7042480413281031E-05;	-3.1759507791887003E-04
+4.3960000000000001E+01;	-3.1085718652796158E-05;	-3.1747533741473353E-04
+4.4000000000000000E+01;	-2.6320309244408217E-05;	-3.1738553203663117E-04
+4.4039999999999999E+01;	-2.1554899836020275E-05;	-3.1741546716266525E-04
+4.4079999999999998E+01;	-2.8703013948602188E-05;	-3.1729572665852880E-04
+4.4120000000000005E+01;	-3.1085718652796158E-05;	-3.1729572665852880E-04
+4.4159999999999997E+01;	-3.8233832765377962E-05;	-3.1717598615439230E-04
+4.4200000000000003E+01;	-3.7042480413281031E-05;	-3.1714605102835816E-04
+4.4240000000000002E+01;	-3.8233832765377962E-05;	-3.1708618077628994E-04
+4.4280000000000001E+01;	-3.7042480413281031E-05;	-3.1705624565025580E-04
+4.4320000000000000E+01;	-3.4659775709087060E-05;	-3.1690657002008516E-04
+4.4359999999999999E+01;	-3.2277071004893089E-05;	-3.1684669976801694E-04
+4.4399999999999999E+01;	-2.7511661596505148E-05;	-3.1666708901181221E-04
+4.4439999999999998E+01;	-2.7511661596505148E-05;	-3.1666708901181221E-04
+4.4480000000000004E+01;	-2.6320309244408217E-05;	-3.1660721875974393E-04
+4.4519999999999996E+01;	-2.6320309244408217E-05;	-3.1663715388577807E-04
+4.4560000000000002E+01;	-2.5128956892311177E-05;	-3.1657728363370980E-04
+4.4600000000000001E+01;	-2.8703013948602188E-05;	-3.1663715388577807E-04
+4.4640000000000001E+01;	-2.8703013948602188E-05;	-3.1654734850767571E-04
+4.4680000000000000E+01;	-3.3468423356990021E-05;	-3.1663715388577807E-04
+4.4719999999999999E+01;	-3.8233832765377962E-05;	-3.1645754312957335E-04
+4.4759999999999998E+01;	-3.1085718652796158E-05;	-3.1633780262543685E-04
+4.4799999999999997E+01;	-3.1085718652796158E-05;	-3.1642760800353921E-04
+4.4840000000000003E+01;	-3.7042480413281031E-05;	-3.1630786749940271E-04
+4.4880000000000003E+01;	-3.7042480413281031E-05;	-3.1633780262543685E-04
+4.4920000000000002E+01;	-3.8233832765377962E-05;	-3.1636773775147093E-04
+4.4960000000000001E+01;	-4.0616537469571933E-05;	-3.1627793237336857E-04
+4.5000000000000000E+01;	-3.9425185117475002E-05;	-3.1615819186923207E-04
